0.00    1.00    2.00    3.00    4.00    5.00    6.00    7.00    8.00    9.00    10.00   12.00   14.00   16.00   18.00   20.00   25.00   30.00   
2.6650  2.6650  2.6650  2.6650  2.6650  2.6650  2.6650  2.6650  2.6650  2.6650  2.6650  2.6650  2.6650  2.6650  2.6650  2.6650  2.6650  2.6650  
2.6650  2.6650  2.6650  2.6650  2.6650  2.6650  2.6650  2.6650  2.6650  2.6650  2.6650  2.6650  2.6650  2.6650  2.6650  2.6650  2.6650  2.6650  
2.6650  2.6650  2.6650  2.6650  2.6650  2.6650  2.6650  2.6650  2.6650  2.6650  2.6650  2.6650  2.6650  2.6650  2.6650  2.6650  2.6650  2.6650  
2.6650  2.6650  2.6650  2.6650  2.6650  2.6650  2.6650  2.6650  2.6650  2.6650  2.6650  2.6650  2.6650  2.6650  2.6650  2.6650  2.6650  2.6650  
2.6650  2.6650  2.6650  2.6650  2.6650  2.6650  2.6650  2.6650  2.6650  2.6650  2.6650  2.6650  2.6650  2.6650  2.6650  2.6650  2.6650  2.6650  
2.6650  2.6650  2.6650  2.6650  2.6650  2.6650  2.6650  2.6650  2.6650  2.6650  2.6650  2.6650  2.6650  2.6650  2.6650  2.6650  2.6650  2.6650  
2.6650  2.6650  2.6650  2.6650  2.6650  2.6650  2.6650  2.6650  2.6650  2.6650  2.6650  2.6650  2.6650  2.6650  2.6650  2.6650  2.6650  2.6650  
2.6650  2.6650  2.6650  2.6650  2.6650  2.6650  2.6650  2.6650  2.6650  2.6650  2.6650  2.6650  2.6650  2.6650  2.6650  2.6650  2.6650  2.6650  
2.6650  2.6650  2.6650  2.6650  2.6650  2.6650  2.6650  2.6650  2.6650  2.6650  2.6650  2.6650  2.6650  2.6650  2.6650  2.6650  2.6650  2.6650  
2.6650  2.6650  2.6650  2.6650  2.6650  2.6650  2.6650  2.6650  2.6650  2.6650  2.6650  2.6650  2.6650  2.6650  2.6650  2.6650  2.6650  2.6650  
2.6650  2.6650  2.6650  2.6650  2.6650  2.6650  2.6650  2.6650  2.6650  2.6650  2.6650  2.6650  2.6650  2.6650  2.6650  2.6650  2.6650  2.6650  
2.6650  2.6650  2.6650  2.6650  2.6650  2.6650  2.6650  2.6650  2.6650  2.6650  2.6650  2.6650  2.6650  2.6650  2.6650  2.6650  2.6650  2.6650  
2.6650  2.6650  2.6650  2.6650  2.6650  2.6650  2.6650  2.6650  2.6650  2.6650  2.6650  2.6650  2.6650  2.6650  2.6650  2.6650  2.6650  2.6650  
2.6650  2.6650  2.6650  2.6650  2.6650  2.6650  2.6650  2.6650  2.6650  2.6650  2.6650  2.6650  2.6650  2.6650  2.6650  2.6650  2.6650  2.6650  
2.6650  2.6650  2.6650  2.6650  2.6650  2.6650  2.6650  2.6650  2.6650  2.6650  2.6650  2.6650  2.6650  2.6650  2.6650  2.6650  2.6650  2.6650  
2.6650  2.6650  2.6650  2.6650  2.6650  2.6650  2.6650  2.6650  2.6650  2.6650  2.6650  2.6650  2.6650  2.6650  2.6650  2.6650  2.6650  2.6650  
2.6650  2.6650  2.6650  2.6650  2.6650  2.6650  2.6650  2.6650  2.6650  2.6650  2.6650  2.6650  2.6650  2.6650  2.6650  2.6650  2.6650  2.6650  
2.6650  2.6650  2.6650  2.6650  2.6650  2.6650  2.6650  2.6650  2.6650  2.6650  2.6650  2.6650  2.6650  2.6650  2.6650  2.6650  2.6650  2.6650  
2.6650  2.6650  2.6650  2.6650  2.6650  2.6650  2.6650  2.6650  2.6650  2.6650  2.6650  2.6650  2.6650  2.6650  2.6650  2.6650  2.6650  2.6650  
2.6650  2.6650  2.6650  2.6650  2.6650  2.6650  2.6650  2.6650  2.6650  2.6650  2.6650  2.6650  2.6650  2.6650  2.6650  2.6650  2.6650  2.6650  
2.6650  2.6650  2.6650  2.6650  2.6650  2.6650  2.6650  2.6650  2.6650  2.6650  2.6650  2.6650  2.6650  2.6650  2.6650  2.6650  2.6650  2.6650  
2.6650  2.6650  2.6650  2.6650  2.6650  2.6650  2.6650  2.6650  2.6650  2.6650  2.6650  2.6650  2.6650  2.6650  2.6650  2.6650  2.6650  2.6650  
2.6650  2.6650  2.6650  2.6650  2.6650  2.6650  2.6650  2.6650  2.6650  2.6650  2.6650  2.6650  2.6650  2.6650  2.6650  2.6650  2.6650  2.6650  
2.6650  2.6650  2.6650  2.6650  2.6650  2.6650  2.6650  2.6650  2.6650  2.6650  2.6650  2.6650  2.6650  2.6650  2.6650  2.6650  2.6650  2.6650  
2.6650  2.6650  2.6650  2.6650  2.6650  2.6650  2.6650  2.6650  2.6650  2.6650  2.6650  2.6650  2.6650  2.6650  2.6650  2.6650  2.6650  2.6650  
2.6650  2.6650  2.6650  2.6650  2.6650  2.6650  2.6650  2.6650  2.6650  2.6650  2.6650  2.6650  2.6650  2.6650  2.6650  2.6650  2.6650  2.6650  
2.6650  2.6650  2.6650  2.6650  2.6650  2.6650  2.6650  2.6650  2.6650  2.6650  2.6650  2.6650  2.6650  2.6650  2.6650  2.6650  2.6650  2.6650  
2.6650  2.6650  2.6650  2.6650  2.6650  2.6650  2.6650  2.6650  2.6650  2.6650  2.6650  2.6650  2.6650  2.6650  2.6650  2.6650  2.6650  2.6650  
2.6650  2.6650  2.6650  2.6650  2.6650  2.6650  2.6650  2.6650  2.6650  2.6650  2.6650  2.6650  2.6650  2.6650  2.6650  2.6650  2.6650  2.6650  
2.6650  2.6650  2.6650  2.6650  2.6650  2.6650  2.6650  2.6650  2.6650  2.6650  2.6650  2.6650  2.6650  2.6650  2.6650  2.6650  2.6650  2.6650  
2.6650  2.6650  2.6650  2.6650  2.6650  2.6650  2.6650  2.6650  2.6650  2.6650  2.6650  2.6650  2.6650  2.6650  2.6650  2.6650  2.6650  2.6650  
2.7370  2.7370  2.7370  2.7370  2.7370  2.7370  2.7370  2.7370  2.7370  2.7370  2.7370  2.7370  2.7370  2.7370  2.7370  2.7370  2.7370  2.7370  
2.7370  2.7370  2.7370  2.7370  2.7370  2.7370  2.7370  2.7370  2.7370  2.7370  2.7370  2.7370  2.7370  2.7370  2.7370  2.7370  2.7370  2.7370  
2.7370  2.7370  2.7370  2.7370  2.7370  2.7370  2.7370  2.7370  2.7370  2.7370  2.7370  2.7370  2.7370  2.7370  2.7370  2.7370  2.7370  2.7370  
2.7370  2.7370  2.7370  2.7370  2.7370  2.7370  2.7370  2.7370  2.7370  2.7370  2.7370  2.7370  2.7370  2.7370  2.7370  2.7370  2.7370  2.7370  
2.7370  2.7370  2.7370  2.7370  2.7370  2.7370  2.7370  2.7370  2.7370  2.7370  2.7370  2.7370  2.7370  2.7370  2.7370  2.7370  2.7370  2.7370  
2.7370  2.7370  2.7370  2.7370  2.7370  2.7370  2.7370  2.7370  2.7370  2.7370  2.7370  2.7370  2.7370  2.7370  2.7370  2.7370  2.7370  2.7370  
2.7370  2.7370  2.7370  2.7370  2.7370  2.7370  2.7370  2.7370  2.7370  2.7370  2.7370  2.7370  2.7370  2.7370  2.7370  2.7370  2.7370  2.7370  
2.7370  2.7370  2.7370  2.7370  2.7370  2.7370  2.7370  2.7370  2.7370  2.7370  2.7370  2.7370  2.7370  2.7370  2.7370  2.7370  2.7370  2.7370  
2.7370  2.7370  2.7370  2.7370  2.7370  2.7370  2.7370  2.7370  2.7370  2.7370  2.7370  2.7370  2.7370  2.7370  2.7370  2.7370  2.7370  2.7370  
2.7370  2.7370  2.7370  2.7370  2.7370  2.7370  2.7370  2.7370  2.7370  2.7370  2.7370  2.7370  2.7370  2.7370  2.7370  2.7370  2.7370  2.7370  
2.7370  2.7370  2.7370  2.7370  2.7370  2.7370  2.7370  2.7370  2.7370  2.7370  2.7370  2.7370  2.7370  2.7370  2.7370  2.7370  2.7370  2.7370  
2.7370  2.7370  2.7370  2.7370  2.7370  2.7370  2.7370  2.7370  2.7370  2.7370  2.7370  2.7370  2.7370  2.7370  2.7370  2.7370  2.7370  2.7370  
2.7370  2.7370  2.7370  2.7370  2.7370  2.7370  2.7370  2.7370  2.7370  2.7370  2.7370  2.7370  2.7370  2.7370  2.7370  2.7370  2.7370  2.7370  
2.7370  2.7370  2.7370  2.7370  2.7370  2.7370  2.7370  2.7370  2.7370  2.7370  2.7370  2.7370  2.7370  2.7370  2.7370  2.7370  2.7370  2.7370  
2.7370  2.7370  2.7370  2.7370  2.7370  2.7370  2.7370  2.7370  2.7370  2.7370  2.7370  2.7370  2.7370  2.7370  2.7370  2.7370  2.7370  2.7370  
2.7370  2.7370  2.7370  2.7370  2.7370  2.7370  2.7370  2.7370  2.7370  2.7370  2.7370  2.7370  2.7370  2.7370  2.7370  2.7370  2.7370  2.7370  
2.7370  2.7370  2.7370  2.7370  2.7370  2.7370  2.7370  2.7370  2.7370  2.7370  2.7370  2.7370  2.7370  2.7370  2.7370  2.7370  2.7370  2.7370  
2.7370  2.7370  2.7370  2.7370  2.7370  2.7370  2.7370  2.7370  2.7370  2.7370  2.7370  2.7370  2.7370  2.7370  2.7370  2.7370  2.7370  2.7370  
2.7370  2.7370  2.7370  2.7370  2.7370  2.7370  2.7370  2.7370  2.7370  2.7370  2.7370  2.7370  2.7370  2.7370  2.7370  2.7370  2.7370  2.7370  
2.7370  2.7370  2.7370  2.7370  2.7370  2.7370  2.7370  2.7370  2.7370  2.7370  2.7370  2.7370  2.7370  2.7370  2.7370  2.7370  2.7370  2.7370  
2.7370  2.7370  2.7370  2.7370  2.7370  2.7370  2.7370  2.7370  2.7370  2.7370  2.7370  2.7370  2.7370  2.7370  2.7370  2.7370  2.7370  2.7370  
2.7370  2.7370  2.7370  2.7370  2.7370  2.7370  2.7370  2.7370  2.7370  2.7370  2.7370  2.7370  2.7370  2.7370  2.7370  2.7370  2.7370  2.7370  
2.7370  2.7370  2.7370  2.7370  2.7370  2.7370  2.7370  2.7370  2.7370  2.7370  2.7370  2.7370  2.7370  2.7370  2.7370  2.7370  2.7370  2.7370  
2.7370  2.7370  2.7370  2.7370  2.7370  2.7370  2.7370  2.7370  2.7370  2.7370  2.7370  2.7370  2.7370  2.7370  2.7370  2.7370  2.7370  2.7370  
2.7370  2.7370  2.7370  2.7370  2.7370  2.7370  2.7370  2.7370  2.7370  2.7370  2.7370  2.7370  2.7370  2.7370  2.7370  2.7370  2.7370  2.7370  
2.7370  2.7370  2.7370  2.7370  2.7370  2.7370  2.7370  2.7370  2.7370  2.7370  2.7370  2.7370  2.7370  2.7370  2.7370  2.7370  2.7370  2.7370  
2.7370  2.7370  2.7370  2.7370  2.7370  2.7370  2.7370  2.7370  2.7370  2.7370  2.7370  2.7370  2.7370  2.7370  2.7370  2.7370  2.7370  2.7370  
2.7370  2.7370  2.7370  2.7370  2.7370  2.7370  2.7370  2.7370  2.7370  2.7370  2.7370  2.7370  2.7370  2.7370  2.7370  2.7370  2.7370  2.7370  
2.7370  2.7370  2.7370  2.7370  2.7370  2.7370  2.7370  2.7370  2.7370  2.7370  2.7370  2.7370  2.7370  2.7370  2.7370  2.7370  2.7370  2.7370  
2.7370  2.7370  2.7370  2.7370  2.7370  2.7370  2.7370  2.7370  2.7370  2.7370  2.7370  2.7370  2.7370  2.7370  2.7370  2.7370  2.7370  2.7370  
2.7370  2.7370  2.7370  2.7370  2.7370  2.7370  2.7370  2.7370  2.7370  2.7370  2.7370  2.7370  2.7370  2.7370  2.7370  2.7370  2.7370  2.7370  
2.9980  2.9980  2.9980  2.9980  2.9980  2.9980  2.9980  2.9980  2.9980  2.9980  2.9980  2.9980  2.9980  2.9980  2.9980  2.9980  2.9980  2.9980  
2.9980  2.9980  2.9980  2.9980  2.9980  2.9980  2.9980  2.9980  2.9980  2.9980  2.9980  2.9980  2.9980  2.9980  2.9980  2.9980  2.9980  2.9980  
2.9980  2.9980  2.9980  2.9980  2.9980  2.9980  2.9980  2.9980  2.9980  2.9980  2.9980  2.9980  2.9980  2.9980  2.9980  2.9980  2.9980  2.9980  
2.9980  2.9980  2.9980  2.9980  2.9980  2.9980  2.9980  2.9980  2.9980  2.9980  2.9980  2.9980  2.9980  2.9980  2.9980  2.9980  2.9980  2.9980  
2.9980  2.9980  2.9980  2.9980  2.9980  2.9980  2.9980  2.9980  2.9980  2.9980  2.9980  2.9980  2.9980  2.9980  2.9980  2.9980  2.9980  2.9980  
2.9980  2.9980  2.9980  2.9980  2.9980  2.9980  2.9980  2.9980  2.9980  2.9980  2.9980  2.9980  2.9980  2.9980  2.9980  2.9980  2.9980  2.9980  
2.9980  2.9980  2.9980  2.9980  2.9980  2.9980  2.9980  2.9980  2.9980  2.9980  2.9980  2.9980  2.9980  2.9980  2.9980  2.9980  2.9980  2.9980  
2.9980  2.9980  2.9980  2.9980  2.9980  2.9980  2.9980  2.9980  2.9980  2.9980  2.9980  2.9980  2.9980  2.9980  2.9980  2.9980  2.9980  2.9980  
2.9980  2.9980  2.9980  2.9980  2.9980  2.9980  2.9980  2.9980  2.9980  2.9980  2.9980  2.9980  2.9980  2.9980  2.9980  2.9980  2.9980  2.9980  
2.9980  2.9980  2.9980  2.9980  2.9980  2.9980  2.9980  2.9980  2.9980  2.9980  2.9980  2.9980  2.9980  2.9980  2.9980  2.9980  2.9980  2.9980  
2.9980  2.9980  2.9980  2.9980  2.9980  2.9980  2.9980  2.9980  2.9980  2.9980  2.9980  2.9980  2.9980  2.9980  2.9980  2.9980  2.9980  2.9980  
2.9980  2.9980  2.9980  2.9980  2.9980  2.9980  2.9980  2.9980  2.9980  2.9980  2.9980  2.9980  2.9980  2.9980  2.9980  2.9980  2.9980  2.9980  
2.9980  2.9980  2.9980  2.9980  2.9980  2.9980  2.9980  2.9980  2.9980  2.9980  2.9980  2.9980  2.9980  2.9980  2.9980  2.9980  2.9980  2.9980  
2.9980  2.9980  2.9980  2.9980  2.9980  2.9980  2.9980  2.9980  2.9980  2.9980  2.9980  2.9980  2.9980  2.9980  2.9980  2.9980  2.9980  2.9980  
2.9980  2.9980  2.9980  2.9980  2.9980  2.9980  2.9980  2.9980  2.9980  2.9980  2.9980  2.9980  2.9980  2.9980  2.9980  2.9980  2.9980  2.9980  
2.9980  2.9980  2.9980  2.9980  2.9980  2.9980  2.9980  2.9980  2.9980  2.9980  2.9980  2.9980  2.9980  2.9980  2.9980  2.9980  2.9980  2.9980  
2.9980  2.9980  2.9980  2.9980  2.9980  2.9980  2.9980  2.9980  2.9980  2.9980  2.9980  2.9980  2.9980  2.9980  2.9980  2.9980  2.9980  2.9980  
2.9980  2.9980  2.9980  2.9980  2.9980  2.9980  2.9980  2.9980  2.9980  2.9980  2.9980  2.9980  2.9980  2.9980  2.9980  2.9980  2.9980  2.9980  
2.9980  2.9980  2.9980  2.9980  2.9980  2.9980  2.9980  2.9980  2.9980  2.9980  2.9980  2.9980  2.9980  2.9980  2.9980  2.9980  2.9980  2.9980  
2.9980  2.9980  2.9980  2.9980  2.9980  2.9980  2.9980  2.9980  2.9980  2.9980  2.9980  2.9980  2.9980  2.9980  2.9980  2.9980  2.9980  2.9980  
2.9980  2.9980  2.9980  2.9980  2.9980  2.9980  2.9980  2.9980  2.9980  2.9980  2.9980  2.9980  2.9980  2.9980  2.9980  2.9980  2.9980  2.9980  
2.9980  2.9980  2.9980  2.9980  2.9980  2.9980  2.9980  2.9980  2.9980  2.9980  2.9980  2.9980  2.9980  2.9980  2.9980  2.9980  2.9980  2.9980  
2.9980  2.9980  2.9980  2.9980  2.9980  2.9980  2.9980  2.9980  2.9980  2.9980  2.9980  2.9980  2.9980  2.9980  2.9980  2.9980  2.9980  2.9980  
2.9980  2.9980  2.9980  2.9980  2.9980  2.9980  2.9980  2.9980  2.9980  2.9980  2.9980  2.9980  2.9980  2.9980  2.9980  2.9980  2.9980  2.9980  
2.9980  2.9980  2.9980  2.9980  2.9980  2.9980  2.9980  2.9980  2.9980  2.9980  2.9980  2.9980  2.9980  2.9980  2.9980  2.9980  2.9980  2.9980  
2.9980  2.9980  2.9980  2.9980  2.9980  2.9980  2.9980  2.9980  2.9980  2.9980  2.9980  2.9980  2.9980  2.9980  2.9980  2.9980  2.9980  2.9980  
2.9980  2.9980  2.9980  2.9980  2.9980  2.9980  2.9980  2.9980  2.9980  2.9980  2.9980  2.9980  2.9980  2.9980  2.9980  2.9980  2.9980  2.9980  
2.9980  2.9980  2.9980  2.9980  2.9980  2.9980  2.9980  2.9980  2.9980  2.9980  2.9980  2.9980  2.9980  2.9980  2.9980  2.9980  2.9980  2.9980  
2.9980  2.9980  2.9980  2.9980  2.9980  2.9980  2.9980  2.9980  2.9980  2.9980  2.9980  2.9980  2.9980  2.9980  2.9980  2.9980  2.9980  2.9980  
2.9980  2.9980  2.9980  2.9980  2.9980  2.9980  2.9980  2.9980  2.9980  2.9980  2.9980  2.9980  2.9980  2.9980  2.9980  2.9980  2.9980  2.9980  
2.9980  2.9980  2.9980  2.9980  2.9980  2.9980  2.9980  2.9980  2.9980  2.9980  2.9980  2.9980  2.9980  2.9980  2.9980  2.9980  2.9980  2.9980  
3.1710  3.1710  3.1710  3.1710  3.1710  3.1710  3.1710  3.1710  3.1710  3.1710  3.1710  3.1710  3.1710  3.1710  3.1710  3.1710  3.1710  3.1710  
3.1710  3.1710  3.1710  3.1710  3.1710  3.1710  3.1710  3.1710  3.1710  3.1710  3.1710  3.1710  3.1710  3.1710  3.1710  3.1710  3.1710  3.1710  
3.1710  3.1710  3.1710  3.1710  3.1710  3.1710  3.1710  3.1710  3.1710  3.1710  3.1710  3.1710  3.1710  3.1710  3.1710  3.1710  3.1710  3.1710  
3.1710  3.1710  3.1710  3.1710  3.1710  3.1710  3.1710  3.1710  3.1710  3.1710  3.1710  3.1710  3.1710  3.1710  3.1710  3.1710  3.1710  3.1710  
3.1710  3.1710  3.1710  3.1710  3.1710  3.1710  3.1710  3.1710  3.1710  3.1710  3.1710  3.1710  3.1710  3.1710  3.1710  3.1710  3.1710  3.1710  
3.1710  3.1710  3.1710  3.1710  3.1710  3.1710  3.1710  3.1710  3.1710  3.1710  3.1710  3.1710  3.1710  3.1710  3.1710  3.1710  3.1710  3.1710  
3.1710  3.1710  3.1710  3.1710  3.1710  3.1710  3.1710  3.1710  3.1710  3.1710  3.1710  3.1710  3.1710  3.1710  3.1710  3.1710  3.1710  3.1710  
3.1710  3.1710  3.1710  3.1710  3.1710  3.1710  3.1710  3.1710  3.1710  3.1710  3.1710  3.1710  3.1710  3.1710  3.1710  3.1710  3.1710  3.1710  
3.1710  3.1710  3.1710  3.1710  3.1710  3.1710  3.1710  3.1710  3.1710  3.1710  3.1710  3.1710  3.1710  3.1710  3.1710  3.1710  3.1710  3.1710  
3.1710  3.1710  3.1710  3.1710  3.1710  3.1710  3.1710  3.1710  3.1710  3.1710  3.1710  3.1710  3.1710  3.1710  3.1710  3.1710  3.1710  3.1710  
3.1710  3.1710  3.1710  3.1710  3.1710  3.1710  3.1710  3.1710  3.1710  3.1710  3.1710  3.1710  3.1710  3.1710  3.1710  3.1710  3.1710  3.1710  
3.1710  3.1710  3.1710  3.1710  3.1710  3.1710  3.1710  3.1710  3.1710  3.1710  3.1710  3.1710  3.1710  3.1710  3.1710  3.1710  3.1710  3.1710  
3.1710  3.1710  3.1710  3.1710  3.1710  3.1710  3.1710  3.1710  3.1710  3.1710  3.1710  3.1710  3.1710  3.1710  3.1710  3.1710  3.1710  3.1710  
3.1710  3.1710  3.1710  3.1710  3.1710  3.1710  3.1710  3.1710  3.1710  3.1710  3.1710  3.1710  3.1710  3.1710  3.1710  3.1710  3.1710  3.1710  
3.1710  3.1710  3.1710  3.1710  3.1710  3.1710  3.1710  3.1710  3.1710  3.1710  3.1710  3.1710  3.1710  3.1710  3.1710  3.1710  3.1710  3.1710  
3.1710  3.1710  3.1710  3.1710  3.1710  3.1710  3.1710  3.1710  3.1710  3.1710  3.1710  3.1710  3.1710  3.1710  3.1710  3.1710  3.1710  3.1710  
3.1710  3.1710  3.1710  3.1710  3.1710  3.1710  3.1710  3.1710  3.1710  3.1710  3.1710  3.1710  3.1710  3.1710  3.1710  3.1710  3.1710  3.1710  
3.1710  3.1710  3.1710  3.1710  3.1710  3.1710  3.1710  3.1710  3.1710  3.1710  3.1710  3.1710  3.1710  3.1710  3.1710  3.1710  3.1710  3.1710  
3.1710  3.1710  3.1710  3.1710  3.1710  3.1710  3.1710  3.1710  3.1710  3.1710  3.1710  3.1710  3.1710  3.1710  3.1710  3.1710  3.1710  3.1710  
3.1710  3.1710  3.1710  3.1710  3.1710  3.1710  3.1710  3.1710  3.1710  3.1710  3.1710  3.1710  3.1710  3.1710  3.1710  3.1710  3.1710  3.1710  
3.1710  3.1710  3.1710  3.1710  3.1710  3.1710  3.1710  3.1710  3.1710  3.1710  3.1710  3.1710  3.1710  3.1710  3.1710  3.1710  3.1710  3.1710  
3.1710  3.1710  3.1710  3.1710  3.1710  3.1710  3.1710  3.1710  3.1710  3.1710  3.1710  3.1710  3.1710  3.1710  3.1710  3.1710  3.1710  3.1710  
3.1710  3.1710  3.1710  3.1710  3.1710  3.1710  3.1710  3.1710  3.1710  3.1710  3.1710  3.1710  3.1710  3.1710  3.1710  3.1710  3.1710  3.1710  
3.1710  3.1710  3.1710  3.1710  3.1710  3.1710  3.1710  3.1710  3.1710  3.1710  3.1710  3.1710  3.1710  3.1710  3.1710  3.1710  3.1710  3.1710  
3.1710  3.1710  3.1710  3.1710  3.1710  3.1710  3.1710  3.1710  3.1710  3.1710  3.1710  3.1710  3.1710  3.1710  3.1710  3.1710  3.1710  3.1710  
3.1710  3.1710  3.1710  3.1710  3.1710  3.1710  3.1710  3.1710  3.1710  3.1710  3.1710  3.1710  3.1710  3.1710  3.1710  3.1710  3.1710  3.1710  
3.1710  3.1710  3.1710  3.1710  3.1710  3.1710  3.1710  3.1710  3.1710  3.1710  3.1710  3.1710  3.1710  3.1710  3.1710  3.1710  3.1710  3.1710  
3.1710  3.1710  3.1710  3.1710  3.1710  3.1710  3.1710  3.1710  3.1710  3.1710  3.1710  3.1710  3.1710  3.1710  3.1710  3.1710  3.1710  3.1710  
3.1710  3.1710  3.1710  3.1710  3.1710  3.1710  3.1710  3.1710  3.1710  3.1710  3.1710  3.1710  3.1710  3.1710  3.1710  3.1710  3.1710  3.1710  
3.1710  3.1710  3.1710  3.1710  3.1710  3.1710  3.1710  3.1710  3.1710  3.1710  3.1710  3.1710  3.1710  3.1710  3.1710  3.1710  3.1710  3.1710  
3.1710  3.1710  3.1710  3.1710  3.1710  3.1710  3.1710  3.1710  3.1710  3.1710  3.1710  3.1710  3.1710  3.1710  3.1710  3.1710  3.1710  3.1710  
3.2730  3.2730  3.2730  3.2730  3.2730  3.2730  3.2730  3.2730  3.2730  3.2730  3.2730  3.2730  3.2730  3.2730  3.2730  3.2730  3.2730  3.2730  
3.2730  3.2730  3.2730  3.2730  3.2730  3.2730  3.2730  3.2730  3.2730  3.2730  3.2730  3.2730  3.2730  3.2730  3.2730  3.2730  3.2730  3.2730  
3.2730  3.2730  3.2730  3.2730  3.2730  3.2730  3.2730  3.2730  3.2730  3.2730  3.2730  3.2730  3.2730  3.2730  3.2730  3.2730  3.2730  3.2730  
3.2730  3.2730  3.2730  3.2730  3.2730  3.2730  3.2730  3.2730  3.2730  3.2730  3.2730  3.2730  3.2730  3.2730  3.2730  3.2730  3.2730  3.2730  
3.2730  3.2730  3.2730  3.2730  3.2730  3.2730  3.2730  3.2730  3.2730  3.2730  3.2730  3.2730  3.2730  3.2730  3.2730  3.2730  3.2730  3.2730  
3.2730  3.2730  3.2730  3.2730  3.2730  3.2730  3.2730  3.2730  3.2730  3.2730  3.2730  3.2730  3.2730  3.2730  3.2730  3.2730  3.2730  3.2730  
3.2730  3.2730  3.2730  3.2730  3.2730  3.2730  3.2730  3.2730  3.2730  3.2730  3.2730  3.2730  3.2730  3.2730  3.2730  3.2730  3.2730  3.2730  
3.2730  3.2730  3.2730  3.2730  3.2730  3.2730  3.2730  3.2730  3.2730  3.2730  3.2730  3.2730  3.2730  3.2730  3.2730  3.2730  3.2730  3.2730  
3.2730  3.2730  3.2730  3.2730  3.2730  3.2730  3.2730  3.2730  3.2730  3.2730  3.2730  3.2730  3.2730  3.2730  3.2730  3.2730  3.2730  3.2730  
3.2730  3.2730  3.2730  3.2730  3.2730  3.2730  3.2730  3.2730  3.2730  3.2730  3.2730  3.2730  3.2730  3.2730  3.2730  3.2730  3.2730  3.2730  
3.2730  3.2730  3.2730  3.2730  3.2730  3.2730  3.2730  3.2730  3.2730  3.2730  3.2730  3.2730  3.2730  3.2730  3.2730  3.2730  3.2730  3.2730  
3.2730  3.2730  3.2730  3.2730  3.2730  3.2730  3.2730  3.2730  3.2730  3.2730  3.2730  3.2730  3.2730  3.2730  3.2730  3.2730  3.2730  3.2730  
3.2730  3.2730  3.2730  3.2730  3.2730  3.2730  3.2730  3.2730  3.2730  3.2730  3.2730  3.2730  3.2730  3.2730  3.2730  3.2730  3.2730  3.2730  
3.2730  3.2730  3.2730  3.2730  3.2730  3.2730  3.2730  3.2730  3.2730  3.2730  3.2730  3.2730  3.2730  3.2730  3.2730  3.2730  3.2730  3.2730  
3.2730  3.2730  3.2730  3.2730  3.2730  3.2730  3.2730  3.2730  3.2730  3.2730  3.2730  3.2730  3.2730  3.2730  3.2730  3.2730  3.2730  3.2730  
3.2730  3.2730  3.2730  3.2730  3.2730  3.2730  3.2730  3.2730  3.2730  3.2730  3.2730  3.2730  3.2730  3.2730  3.2730  3.2730  3.2730  3.2730  
3.2730  3.2730  3.2730  3.2730  3.2730  3.2730  3.2730  3.2730  3.2730  3.2730  3.2730  3.2730  3.2730  3.2730  3.2730  3.2730  3.2730  3.2730  
3.2730  3.2730  3.2730  3.2730  3.2730  3.2730  3.2730  3.2730  3.2730  3.2730  3.2730  3.2730  3.2730  3.2730  3.2730  3.2730  3.2730  3.2730  
3.2730  3.2730  3.2730  3.2730  3.2730  3.2730  3.2730  3.2730  3.2730  3.2730  3.2730  3.2730  3.2730  3.2730  3.2730  3.2730  3.2730  3.2730  
3.2730  3.2730  3.2730  3.2730  3.2730  3.2730  3.2730  3.2730  3.2730  3.2730  3.2730  3.2730  3.2730  3.2730  3.2730  3.2730  3.2730  3.2730  
3.2730  3.2730  3.2730  3.2730  3.2730  3.2730  3.2730  3.2730  3.2730  3.2730  3.2730  3.2730  3.2730  3.2730  3.2730  3.2730  3.2730  3.2730  
3.2730  3.2730  3.2730  3.2730  3.2730  3.2730  3.2730  3.2730  3.2730  3.2730  3.2730  3.2730  3.2730  3.2730  3.2730  3.2730  3.2730  3.2730  
3.2730  3.2730  3.2730  3.2730  3.2730  3.2730  3.2730  3.2730  3.2730  3.2730  3.2730  3.2730  3.2730  3.2730  3.2730  3.2730  3.2730  3.2730  
3.2730  3.2730  3.2730  3.2730  3.2730  3.2730  3.2730  3.2730  3.2730  3.2730  3.2730  3.2730  3.2730  3.2730  3.2730  3.2730  3.2730  3.2730  
3.2730  3.2730  3.2730  3.2730  3.2730  3.2730  3.2730  3.2730  3.2730  3.2730  3.2730  3.2730  3.2730  3.2730  3.2730  3.2730  3.2730  3.2730  
3.2730  3.2730  3.2730  3.2730  3.2730  3.2730  3.2730  3.2730  3.2730  3.2730  3.2730  3.2730  3.2730  3.2730  3.2730  3.2730  3.2730  3.2730  
3.2730  3.2730  3.2730  3.2730  3.2730  3.2730  3.2730  3.2730  3.2730  3.2730  3.2730  3.2730  3.2730  3.2730  3.2730  3.2730  3.2730  3.2730  
3.2730  3.2730  3.2730  3.2730  3.2730  3.2730  3.2730  3.2730  3.2730  3.2730  3.2730  3.2730  3.2730  3.2730  3.2730  3.2730  3.2730  3.2730  
3.2730  3.2730  3.2730  3.2730  3.2730  3.2730  3.2730  3.2730  3.2730  3.2730  3.2730  3.2730  3.2730  3.2730  3.2730  3.2730  3.2730  3.2730  
3.2730  3.2730  3.2730  3.2730  3.2730  3.2730  3.2730  3.2730  3.2730  3.2730  3.2730  3.2730  3.2730  3.2730  3.2730  3.2730  3.2730  3.2730  
3.2730  3.2730  3.2730  3.2730  3.2730  3.2730  3.2730  3.2730  3.2730  3.2730  3.2730  3.2730  3.2730  3.2730  3.2730  3.2730  3.2730  3.2730  
3.3710  3.3710  3.3710  3.3710  3.3710  3.3710  3.3710  3.3710  3.3710  3.3710  3.3710  3.3710  3.3710  3.3710  3.3710  3.3710  3.3710  3.3710  
3.3710  3.3710  3.3710  3.3710  3.3710  3.3710  3.3710  3.3710  3.3710  3.3710  3.3710  3.3710  3.3710  3.3710  3.3710  3.3710  3.3710  3.3710  
3.3710  3.3710  3.3710  3.3710  3.3710  3.3710  3.3710  3.3710  3.3710  3.3710  3.3710  3.3710  3.3710  3.3710  3.3710  3.3710  3.3710  3.3710  
3.3710  3.3710  3.3710  3.3710  3.3710  3.3710  3.3710  3.3710  3.3710  3.3710  3.3710  3.3710  3.3710  3.3710  3.3710  3.3710  3.3710  3.3710  
3.3710  3.3710  3.3710  3.3710  3.3710  3.3710  3.3710  3.3710  3.3710  3.3710  3.3710  3.3710  3.3710  3.3710  3.3710  3.3710  3.3710  3.3710  
3.3710  3.3710  3.3710  3.3710  3.3710  3.3710  3.3710  3.3710  3.3710  3.3710  3.3710  3.3710  3.3710  3.3710  3.3710  3.3710  3.3710  3.3710  
3.3710  3.3710  3.3710  3.3710  3.3710  3.3710  3.3710  3.3710  3.3710  3.3710  3.3710  3.3710  3.3710  3.3710  3.3710  3.3710  3.3710  3.3710  
3.3710  3.3710  3.3710  3.3710  3.3710  3.3710  3.3710  3.3710  3.3710  3.3710  3.3710  3.3710  3.3710  3.3710  3.3710  3.3710  3.3710  3.3710  
3.3710  3.3710  3.3710  3.3710  3.3710  3.3710  3.3710  3.3710  3.3710  3.3710  3.3710  3.3710  3.3710  3.3710  3.3710  3.3710  3.3710  3.3710  
3.3710  3.3710  3.3710  3.3710  3.3710  3.3710  3.3710  3.3710  3.3710  3.3710  3.3710  3.3710  3.3710  3.3710  3.3710  3.3710  3.3710  3.3710  
3.3710  3.3710  3.3710  3.3710  3.3710  3.3710  3.3710  3.3710  3.3710  3.3710  3.3710  3.3710  3.3710  3.3710  3.3710  3.3710  3.3710  3.3710  
3.3710  3.3710  3.3710  3.3710  3.3710  3.3710  3.3710  3.3710  3.3710  3.3710  3.3710  3.3710  3.3710  3.3710  3.3710  3.3710  3.3710  3.3710  
3.3710  3.3710  3.3710  3.3710  3.3710  3.3710  3.3710  3.3710  3.3710  3.3710  3.3710  3.3710  3.3710  3.3710  3.3710  3.3710  3.3710  3.3710  
3.3710  3.3710  3.3710  3.3710  3.3710  3.3710  3.3710  3.3710  3.3710  3.3710  3.3710  3.3710  3.3710  3.3710  3.3710  3.3710  3.3710  3.3710  
3.3710  3.3710  3.3710  3.3710  3.3710  3.3710  3.3710  3.3710  3.3710  3.3710  3.3710  3.3710  3.3710  3.3710  3.3710  3.3710  3.3710  3.3710  
3.3710  3.3710  3.3710  3.3710  3.3710  3.3710  3.3710  3.3710  3.3710  3.3710  3.3710  3.3710  3.3710  3.3710  3.3710  3.3710  3.3710  3.3710  
3.3710  3.3710  3.3710  3.3710  3.3710  3.3710  3.3710  3.3710  3.3710  3.3710  3.3710  3.3710  3.3710  3.3710  3.3710  3.3710  3.3710  3.3710  
3.3710  3.3710  3.3710  3.3710  3.3710  3.3710  3.3710  3.3710  3.3710  3.3710  3.3710  3.3710  3.3710  3.3710  3.3710  3.3710  3.3710  3.3710  
3.3710  3.3710  3.3710  3.3710  3.3710  3.3710  3.3710  3.3710  3.3710  3.3710  3.3710  3.3710  3.3710  3.3710  3.3710  3.3710  3.3710  3.3710  
3.3710  3.3710  3.3710  3.3710  3.3710  3.3710  3.3710  3.3710  3.3710  3.3710  3.3710  3.3710  3.3710  3.3710  3.3710  3.3710  3.3710  3.3710  
3.3710  3.3710  3.3710  3.3710  3.3710  3.3710  3.3710  3.3710  3.3710  3.3710  3.3710  3.3710  3.3710  3.3710  3.3710  3.3710  3.3710  3.3710  
3.3710  3.3710  3.3710  3.3710  3.3710  3.3710  3.3710  3.3710  3.3710  3.3710  3.3710  3.3710  3.3710  3.3710  3.3710  3.3710  3.3710  3.3710  
3.3710  3.3710  3.3710  3.3710  3.3710  3.3710  3.3710  3.3710  3.3710  3.3710  3.3710  3.3710  3.3710  3.3710  3.3710  3.3710  3.3710  3.3710  
3.3710  3.3710  3.3710  3.3710  3.3710  3.3710  3.3710  3.3710  3.3710  3.3710  3.3710  3.3710  3.3710  3.3710  3.3710  3.3710  3.3710  3.3710  
3.3710  3.3710  3.3710  3.3710  3.3710  3.3710  3.3710  3.3710  3.3710  3.3710  3.3710  3.3710  3.3710  3.3710  3.3710  3.3710  3.3710  3.3710  
3.3710  3.3710  3.3710  3.3710  3.3710  3.3710  3.3710  3.3710  3.3710  3.3710  3.3710  3.3710  3.3710  3.3710  3.3710  3.3710  3.3710  3.3710  
3.3710  3.3710  3.3710  3.3710  3.3710  3.3710  3.3710  3.3710  3.3710  3.3710  3.3710  3.3710  3.3710  3.3710  3.3710  3.3710  3.3710  3.3710  
3.3710  3.3710  3.3710  3.3710  3.3710  3.3710  3.3710  3.3710  3.3710  3.3710  3.3710  3.3710  3.3710  3.3710  3.3710  3.3710  3.3710  3.3710  
3.3710  3.3710  3.3710  3.3710  3.3710  3.3710  3.3710  3.3710  3.3710  3.3710  3.3710  3.3710  3.3710  3.3710  3.3710  3.3710  3.3710  3.3710  
3.3710  3.3710  3.3710  3.3710  3.3710  3.3710  3.3710  3.3710  3.3710  3.3710  3.3710  3.3710  3.3710  3.3710  3.3710  3.3710  3.3710  3.3710  
3.3710  3.3710  3.3710  3.3710  3.3710  3.3710  3.3710  3.3710  3.3710  3.3710  3.3710  3.3710  3.3710  3.3710  3.3710  3.3710  3.3710  3.3710  
3.4670  3.4670  3.4670  3.4670  3.4670  3.4670  3.4670  3.4670  3.4670  3.4670  3.4670  3.4670  3.4670  3.4670  3.4670  3.4670  3.4670  3.4670  
3.4670  3.4670  3.4670  3.4670  3.4670  3.4670  3.4670  3.4670  3.4670  3.4670  3.4670  3.4670  3.4670  3.4670  3.4670  3.4670  3.4670  3.4670  
3.4670  3.4670  3.4670  3.4670  3.4670  3.4670  3.4670  3.4670  3.4670  3.4670  3.4670  3.4670  3.4670  3.4670  3.4670  3.4670  3.4670  3.4670  
3.4670  3.4670  3.4670  3.4670  3.4670  3.4670  3.4670  3.4670  3.4670  3.4670  3.4670  3.4670  3.4670  3.4670  3.4670  3.4670  3.4670  3.4670  
3.4670  3.4670  3.4670  3.4670  3.4670  3.4670  3.4670  3.4670  3.4670  3.4670  3.4670  3.4670  3.4670  3.4670  3.4670  3.4670  3.4670  3.4670  
3.4670  3.4670  3.4670  3.4670  3.4670  3.4670  3.4670  3.4670  3.4670  3.4670  3.4670  3.4670  3.4670  3.4670  3.4670  3.4670  3.4670  3.4670  
3.4670  3.4670  3.4670  3.4670  3.4670  3.4670  3.4670  3.4670  3.4670  3.4670  3.4670  3.4670  3.4670  3.4670  3.4670  3.4670  3.4670  3.4670  
3.4670  3.4670  3.4670  3.4670  3.4670  3.4670  3.4670  3.4670  3.4670  3.4670  3.4670  3.4670  3.4670  3.4670  3.4670  3.4670  3.4670  3.4670  
3.4670  3.4670  3.4670  3.4670  3.4670  3.4670  3.4670  3.4670  3.4670  3.4670  3.4670  3.4670  3.4670  3.4670  3.4670  3.4670  3.4670  3.4670  
3.4670  3.4670  3.4670  3.4670  3.4670  3.4670  3.4670  3.4670  3.4670  3.4670  3.4670  3.4670  3.4670  3.4670  3.4670  3.4670  3.4670  3.4670  
3.4670  3.4670  3.4670  3.4670  3.4670  3.4670  3.4670  3.4670  3.4670  3.4670  3.4670  3.4670  3.4670  3.4670  3.4670  3.4670  3.4670  3.4670  
3.4670  3.4670  3.4670  3.4670  3.4670  3.4670  3.4670  3.4670  3.4670  3.4670  3.4670  3.4670  3.4670  3.4670  3.4670  3.4670  3.4670  3.4670  
3.4670  3.4670  3.4670  3.4670  3.4670  3.4670  3.4670  3.4670  3.4670  3.4670  3.4670  3.4670  3.4670  3.4670  3.4670  3.4670  3.4670  3.4670  
3.4670  3.4670  3.4670  3.4670  3.4670  3.4670  3.4670  3.4670  3.4670  3.4670  3.4670  3.4670  3.4670  3.4670  3.4670  3.4670  3.4670  3.4670  
3.4670  3.4670  3.4670  3.4670  3.4670  3.4670  3.4670  3.4670  3.4670  3.4670  3.4670  3.4670  3.4670  3.4670  3.4670  3.4670  3.4670  3.4670  
3.4670  3.4670  3.4670  3.4670  3.4670  3.4670  3.4670  3.4670  3.4670  3.4670  3.4670  3.4670  3.4670  3.4670  3.4670  3.4670  3.4670  3.4670  
3.4670  3.4670  3.4670  3.4670  3.4670  3.4670  3.4670  3.4670  3.4670  3.4670  3.4670  3.4670  3.4670  3.4670  3.4670  3.4670  3.4670  3.4670  
3.4670  3.4670  3.4670  3.4670  3.4670  3.4670  3.4670  3.4670  3.4670  3.4670  3.4670  3.4670  3.4670  3.4670  3.4670  3.4670  3.4670  3.4670  
3.4670  3.4670  3.4670  3.4670  3.4670  3.4670  3.4670  3.4670  3.4670  3.4670  3.4670  3.4670  3.4670  3.4670  3.4670  3.4670  3.4670  3.4670  
3.4670  3.4670  3.4670  3.4670  3.4670  3.4670  3.4670  3.4670  3.4670  3.4670  3.4670  3.4670  3.4670  3.4670  3.4670  3.4670  3.4670  3.4670  
3.4670  3.4670  3.4670  3.4670  3.4670  3.4670  3.4670  3.4670  3.4670  3.4670  3.4670  3.4670  3.4670  3.4670  3.4670  3.4670  3.4670  3.4670  
3.4670  3.4670  3.4670  3.4670  3.4670  3.4670  3.4670  3.4670  3.4670  3.4670  3.4670  3.4670  3.4670  3.4670  3.4670  3.4670  3.4670  3.4670  
3.4670  3.4670  3.4670  3.4670  3.4670  3.4670  3.4670  3.4670  3.4670  3.4670  3.4670  3.4670  3.4670  3.4670  3.4670  3.4670  3.4670  3.4670  
3.4670  3.4670  3.4670  3.4670  3.4670  3.4670  3.4670  3.4670  3.4670  3.4670  3.4670  3.4670  3.4670  3.4670  3.4670  3.4670  3.4670  3.4670  
3.4670  3.4670  3.4670  3.4670  3.4670  3.4670  3.4670  3.4670  3.4670  3.4670  3.4670  3.4670  3.4670  3.4670  3.4670  3.4670  3.4670  3.4670  
3.4670  3.4670  3.4670  3.4670  3.4670  3.4670  3.4670  3.4670  3.4670  3.4670  3.4670  3.4670  3.4670  3.4670  3.4670  3.4670  3.4670  3.4670  
3.4670  3.4670  3.4670  3.4670  3.4670  3.4670  3.4670  3.4670  3.4670  3.4670  3.4670  3.4670  3.4670  3.4670  3.4670  3.4670  3.4670  3.4670  
3.4670  3.4670  3.4670  3.4670  3.4670  3.4670  3.4670  3.4670  3.4670  3.4670  3.4670  3.4670  3.4670  3.4670  3.4670  3.4670  3.4670  3.4670  
3.4670  3.4670  3.4670  3.4670  3.4670  3.4670  3.4670  3.4670  3.4670  3.4670  3.4670  3.4670  3.4670  3.4670  3.4670  3.4670  3.4670  3.4670  
3.4670  3.4670  3.4670  3.4670  3.4670  3.4670  3.4670  3.4670  3.4670  3.4670  3.4670  3.4670  3.4670  3.4670  3.4670  3.4670  3.4670  3.4670  
3.4670  3.4670  3.4670  3.4670  3.4670  3.4670  3.4670  3.4670  3.4670  3.4670  3.4670  3.4670  3.4670  3.4670  3.4670  3.4670  3.4670  3.4670  
3.5470  3.5470  3.5470  3.5470  3.5470  3.5470  3.5470  3.5470  3.5470  3.5470  3.5470  3.5470  3.5470  3.5470  3.5470  3.5470  3.5470  3.5470  
3.5470  3.5470  3.5470  3.5470  3.5470  3.5470  3.5470  3.5470  3.5470  3.5470  3.5470  3.5470  3.5470  3.5470  3.5470  3.5470  3.5470  3.5470  
3.5470  3.5470  3.5470  3.5470  3.5470  3.5470  3.5470  3.5470  3.5470  3.5470  3.5470  3.5470  3.5470  3.5470  3.5470  3.5470  3.5470  3.5470  
3.5470  3.5470  3.5470  3.5470  3.5470  3.5470  3.5470  3.5470  3.5470  3.5470  3.5470  3.5470  3.5470  3.5470  3.5470  3.5470  3.5470  3.5470  
3.5470  3.5470  3.5470  3.5470  3.5470  3.5470  3.5470  3.5470  3.5470  3.5470  3.5470  3.5470  3.5470  3.5470  3.5470  3.5470  3.5470  3.5470  
3.5470  3.5470  3.5470  3.5470  3.5470  3.5470  3.5470  3.5470  3.5470  3.5470  3.5470  3.5470  3.5470  3.5470  3.5470  3.5470  3.5470  3.5470  
3.5470  3.5470  3.5470  3.5470  3.5470  3.5470  3.5470  3.5470  3.5470  3.5470  3.5470  3.5470  3.5470  3.5470  3.5470  3.5470  3.5470  3.5470  
3.5470  3.5470  3.5470  3.5470  3.5470  3.5470  3.5470  3.5470  3.5470  3.5470  3.5470  3.5470  3.5470  3.5470  3.5470  3.5470  3.5470  3.5470  
3.5470  3.5470  3.5470  3.5470  3.5470  3.5470  3.5470  3.5470  3.5470  3.5470  3.5470  3.5470  3.5470  3.5470  3.5470  3.5470  3.5470  3.5470  
3.5470  3.5470  3.5470  3.5470  3.5470  3.5470  3.5470  3.5470  3.5470  3.5470  3.5470  3.5470  3.5470  3.5470  3.5470  3.5470  3.5470  3.5470  
3.5470  3.5470  3.5470  3.5470  3.5470  3.5470  3.5470  3.5470  3.5470  3.5470  3.5470  3.5470  3.5470  3.5470  3.5470  3.5470  3.5470  3.5470  
3.5470  3.5470  3.5470  3.5470  3.5470  3.5470  3.5470  3.5470  3.5470  3.5470  3.5470  3.5470  3.5470  3.5470  3.5470  3.5470  3.5470  3.5470  
3.5470  3.5470  3.5470  3.5470  3.5470  3.5470  3.5470  3.5470  3.5470  3.5470  3.5470  3.5470  3.5470  3.5470  3.5470  3.5470  3.5470  3.5470  
3.5470  3.5470  3.5470  3.5470  3.5470  3.5470  3.5470  3.5470  3.5470  3.5470  3.5470  3.5470  3.5470  3.5470  3.5470  3.5470  3.5470  3.5470  
3.5470  3.5470  3.5470  3.5470  3.5470  3.5470  3.5470  3.5470  3.5470  3.5470  3.5470  3.5470  3.5470  3.5470  3.5470  3.5470  3.5470  3.5470  
3.5470  3.5470  3.5470  3.5470  3.5470  3.5470  3.5470  3.5470  3.5470  3.5470  3.5470  3.5470  3.5470  3.5470  3.5470  3.5470  3.5470  3.5470  
3.5470  3.5470  3.5470  3.5470  3.5470  3.5470  3.5470  3.5470  3.5470  3.5470  3.5470  3.5470  3.5470  3.5470  3.5470  3.5470  3.5470  3.5470  
3.5470  3.5470  3.5470  3.5470  3.5470  3.5470  3.5470  3.5470  3.5470  3.5470  3.5470  3.5470  3.5470  3.5470  3.5470  3.5470  3.5470  3.5470  
3.5470  3.5470  3.5470  3.5470  3.5470  3.5470  3.5470  3.5470  3.5470  3.5470  3.5470  3.5470  3.5470  3.5470  3.5470  3.5470  3.5470  3.5470  
3.5470  3.5470  3.5470  3.5470  3.5470  3.5470  3.5470  3.5470  3.5470  3.5470  3.5470  3.5470  3.5470  3.5470  3.5470  3.5470  3.5470  3.5470  
3.5470  3.5470  3.5470  3.5470  3.5470  3.5470  3.5470  3.5470  3.5470  3.5470  3.5470  3.5470  3.5470  3.5470  3.5470  3.5470  3.5470  3.5470  
3.5470  3.5470  3.5470  3.5470  3.5470  3.5470  3.5470  3.5470  3.5470  3.5470  3.5470  3.5470  3.5470  3.5470  3.5470  3.5470  3.5470  3.5470  
3.5470  3.5470  3.5470  3.5470  3.5470  3.5470  3.5470  3.5470  3.5470  3.5470  3.5470  3.5470  3.5470  3.5470  3.5470  3.5470  3.5470  3.5470  
3.5470  3.5470  3.5470  3.5470  3.5470  3.5470  3.5470  3.5470  3.5470  3.5470  3.5470  3.5470  3.5470  3.5470  3.5470  3.5470  3.5470  3.5470  
3.5470  3.5470  3.5470  3.5470  3.5470  3.5470  3.5470  3.5470  3.5470  3.5470  3.5470  3.5470  3.5470  3.5470  3.5470  3.5470  3.5470  3.5470  
3.5470  3.5470  3.5470  3.5470  3.5470  3.5470  3.5470  3.5470  3.5470  3.5470  3.5470  3.5470  3.5470  3.5470  3.5470  3.5470  3.5470  3.5470  
3.5470  3.5470  3.5470  3.5470  3.5470  3.5470  3.5470  3.5470  3.5470  3.5470  3.5470  3.5470  3.5470  3.5470  3.5470  3.5470  3.5470  3.5470  
3.5470  3.5470  3.5470  3.5470  3.5470  3.5470  3.5470  3.5470  3.5470  3.5470  3.5470  3.5470  3.5470  3.5470  3.5470  3.5470  3.5470  3.5470  
3.5470  3.5470  3.5470  3.5470  3.5470  3.5470  3.5470  3.5470  3.5470  3.5470  3.5470  3.5470  3.5470  3.5470  3.5470  3.5470  3.5470  3.5470  
3.5470  3.5470  3.5470  3.5470  3.5470  3.5470  3.5470  3.5470  3.5470  3.5470  3.5470  3.5470  3.5470  3.5470  3.5470  3.5470  3.5470  3.5470  
3.5470  3.5470  3.5470  3.5470  3.5470  3.5470  3.5470  3.5470  3.5470  3.5470  3.5470  3.5470  3.5470  3.5470  3.5470  3.5470  3.5470  3.5470  
3.6000  3.6000  3.6000  3.6000  3.6000  3.6000  3.6000  3.6000  3.6000  3.6000  3.6000  3.6000  3.6000  3.6000  3.6000  3.6000  3.6000  3.6000  
3.6000  3.6000  3.6000  3.6000  3.6000  3.6000  3.6000  3.6000  3.6000  3.6000  3.6000  3.6000  3.6000  3.6000  3.6000  3.6000  3.6000  3.6000  
3.6000  3.6000  3.6000  3.6000  3.6000  3.6000  3.6000  3.6000  3.6000  3.6000  3.6000  3.6000  3.6000  3.6000  3.6000  3.6000  3.6000  3.6000  
3.6000  3.6000  3.6000  3.6000  3.6000  3.6000  3.6000  3.6000  3.6000  3.6000  3.6000  3.6000  3.6000  3.6000  3.6000  3.6000  3.6000  3.6000  
3.6000  3.6000  3.6000  3.6000  3.6000  3.6000  3.6000  3.6000  3.6000  3.6000  3.6000  3.6000  3.6000  3.6000  3.6000  3.6000  3.6000  3.6000  
3.6000  3.6000  3.6000  3.6000  3.6000  3.6000  3.6000  3.6000  3.6000  3.6000  3.6000  3.6000  3.6000  3.6000  3.6000  3.6000  3.6000  3.6000  
3.6000  3.6000  3.6000  3.6000  3.6000  3.6000  3.6000  3.6000  3.6000  3.6000  3.6000  3.6000  3.6000  3.6000  3.6000  3.6000  3.6000  3.6000  
3.6000  3.6000  3.6000  3.6000  3.6000  3.6000  3.6000  3.6000  3.6000  3.6000  3.6000  3.6000  3.6000  3.6000  3.6000  3.6000  3.6000  3.6000  
3.6000  3.6000  3.6000  3.6000  3.6000  3.6000  3.6000  3.6000  3.6000  3.6000  3.6000  3.6000  3.6000  3.6000  3.6000  3.6000  3.6000  3.6000  
3.6000  3.6000  3.6000  3.6000  3.6000  3.6000  3.6000  3.6000  3.6000  3.6000  3.6000  3.6000  3.6000  3.6000  3.6000  3.6000  3.6000  3.6000  
3.6000  3.6000  3.6000  3.6000  3.6000  3.6000  3.6000  3.6000  3.6000  3.6000  3.6000  3.6000  3.6000  3.6000  3.6000  3.6000  3.6000  3.6000  
3.6000  3.6000  3.6000  3.6000  3.6000  3.6000  3.6000  3.6000  3.6000  3.6000  3.6000  3.6000  3.6000  3.6000  3.6000  3.6000  3.6000  3.6000  
3.6000  3.6000  3.6000  3.6000  3.6000  3.6000  3.6000  3.6000  3.6000  3.6000  3.6000  3.6000  3.6000  3.6000  3.6000  3.6000  3.6000  3.6000  
3.6000  3.6000  3.6000  3.6000  3.6000  3.6000  3.6000  3.6000  3.6000  3.6000  3.6000  3.6000  3.6000  3.6000  3.6000  3.6000  3.6000  3.6000  
3.6000  3.6000  3.6000  3.6000  3.6000  3.6000  3.6000  3.6000  3.6000  3.6000  3.6000  3.6000  3.6000  3.6000  3.6000  3.6000  3.6000  3.6000  
3.6000  3.6000  3.6000  3.6000  3.6000  3.6000  3.6000  3.6000  3.6000  3.6000  3.6000  3.6000  3.6000  3.6000  3.6000  3.6000  3.6000  3.6000  
3.6000  3.6000  3.6000  3.6000  3.6000  3.6000  3.6000  3.6000  3.6000  3.6000  3.6000  3.6000  3.6000  3.6000  3.6000  3.6000  3.6000  3.6000  
3.6000  3.6000  3.6000  3.6000  3.6000  3.6000  3.6000  3.6000  3.6000  3.6000  3.6000  3.6000  3.6000  3.6000  3.6000  3.6000  3.6000  3.6000  
3.6000  3.6000  3.6000  3.6000  3.6000  3.6000  3.6000  3.6000  3.6000  3.6000  3.6000  3.6000  3.6000  3.6000  3.6000  3.6000  3.6000  3.6000  
3.6000  3.6000  3.6000  3.6000  3.6000  3.6000  3.6000  3.6000  3.6000  3.6000  3.6000  3.6000  3.6000  3.6000  3.6000  3.6000  3.6000  3.6000  
3.6000  3.6000  3.6000  3.6000  3.6000  3.6000  3.6000  3.6000  3.6000  3.6000  3.6000  3.6000  3.6000  3.6000  3.6000  3.6000  3.6000  3.6000  
3.6000  3.6000  3.6000  3.6000  3.6000  3.6000  3.6000  3.6000  3.6000  3.6000  3.6000  3.6000  3.6000  3.6000  3.6000  3.6000  3.6000  3.6000  
3.6000  3.6000  3.6000  3.6000  3.6000  3.6000  3.6000  3.6000  3.6000  3.6000  3.6000  3.6000  3.6000  3.6000  3.6000  3.6000  3.6000  3.6000  
3.6000  3.6000  3.6000  3.6000  3.6000  3.6000  3.6000  3.6000  3.6000  3.6000  3.6000  3.6000  3.6000  3.6000  3.6000  3.6000  3.6000  3.6000  
3.6000  3.6000  3.6000  3.6000  3.6000  3.6000  3.6000  3.6000  3.6000  3.6000  3.6000  3.6000  3.6000  3.6000  3.6000  3.6000  3.6000  3.6000  
3.6000  3.6000  3.6000  3.6000  3.6000  3.6000  3.6000  3.6000  3.6000  3.6000  3.6000  3.6000  3.6000  3.6000  3.6000  3.6000  3.6000  3.6000  
3.6000  3.6000  3.6000  3.6000  3.6000  3.6000  3.6000  3.6000  3.6000  3.6000  3.6000  3.6000  3.6000  3.6000  3.6000  3.6000  3.6000  3.6000  
3.6000  3.6000  3.6000  3.6000  3.6000  3.6000  3.6000  3.6000  3.6000  3.6000  3.6000  3.6000  3.6000  3.6000  3.6000  3.6000  3.6000  3.6000  
3.6000  3.6000  3.6000  3.6000  3.6000  3.6000  3.6000  3.6000  3.6000  3.6000  3.6000  3.6000  3.6000  3.6000  3.6000  3.6000  3.6000  3.6000  
3.6000  3.6000  3.6000  3.6000  3.6000  3.6000  3.6000  3.6000  3.6000  3.6000  3.6000  3.6000  3.6000  3.6000  3.6000  3.6000  3.6000  3.6000  
3.6000  3.6000  3.6000  3.6000  3.6000  3.6000  3.6000  3.6000  3.6000  3.6000  3.6000  3.6000  3.6000  3.6000  3.6000  3.6000  3.6000  3.6000  
3.6200  3.6200  3.6200  3.6200  3.6200  3.6200  3.6200  3.6200  3.6200  3.6200  3.6200  3.6200  3.6200  3.6200  3.6200  3.6200  3.6200  3.6200  
3.6200  3.6200  3.6200  3.6200  3.6200  3.6200  3.6200  3.6200  3.6200  3.6200  3.6200  3.6200  3.6200  3.6200  3.6200  3.6200  3.6200  3.6200  
3.6200  3.6200  3.6200  3.6200  3.6200  3.6200  3.6200  3.6200  3.6200  3.6200  3.6200  3.6200  3.6200  3.6200  3.6200  3.6200  3.6200  3.6200  
3.6200  3.6200  3.6200  3.6200  3.6200  3.6200  3.6200  3.6200  3.6200  3.6200  3.6200  3.6200  3.6200  3.6200  3.6200  3.6200  3.6200  3.6200  
3.6200  3.6200  3.6200  3.6200  3.6200  3.6200  3.6200  3.6200  3.6200  3.6200  3.6200  3.6200  3.6200  3.6200  3.6200  3.6200  3.6200  3.6200  
3.6200  3.6200  3.6200  3.6200  3.6200  3.6200  3.6200  3.6200  3.6200  3.6200  3.6200  3.6200  3.6200  3.6200  3.6200  3.6200  3.6200  3.6200  
3.6200  3.6200  3.6200  3.6200  3.6200  3.6200  3.6200  3.6200  3.6200  3.6200  3.6200  3.6200  3.6200  3.6200  3.6200  3.6200  3.6200  3.6200  
3.6200  3.6200  3.6200  3.6200  3.6200  3.6200  3.6200  3.6200  3.6200  3.6200  3.6200  3.6200  3.6200  3.6200  3.6200  3.6200  3.6200  3.6200  
3.6200  3.6200  3.6200  3.6200  3.6200  3.6200  3.6200  3.6200  3.6200  3.6200  3.6200  3.6200  3.6200  3.6200  3.6200  3.6200  3.6200  3.6200  
3.6200  3.6200  3.6200  3.6200  3.6200  3.6200  3.6200  3.6200  3.6200  3.6200  3.6200  3.6200  3.6200  3.6200  3.6200  3.6200  3.6200  3.6200  
3.6200  3.6200  3.6200  3.6200  3.6200  3.6200  3.6200  3.6200  3.6200  3.6200  3.6200  3.6200  3.6200  3.6200  3.6200  3.6200  3.6200  3.6200  
3.6200  3.6200  3.6200  3.6200  3.6200  3.6200  3.6200  3.6200  3.6200  3.6200  3.6200  3.6200  3.6200  3.6200  3.6200  3.6200  3.6200  3.6200  
3.6200  3.6200  3.6200  3.6200  3.6200  3.6200  3.6200  3.6200  3.6200  3.6200  3.6200  3.6200  3.6200  3.6200  3.6200  3.6200  3.6200  3.6200  
3.6200  3.6200  3.6200  3.6200  3.6200  3.6200  3.6200  3.6200  3.6200  3.6200  3.6200  3.6200  3.6200  3.6200  3.6200  3.6200  3.6200  3.6200  
3.6200  3.6200  3.6200  3.6200  3.6200  3.6200  3.6200  3.6200  3.6200  3.6200  3.6200  3.6200  3.6200  3.6200  3.6200  3.6200  3.6200  3.6200  
3.6200  3.6200  3.6200  3.6200  3.6200  3.6200  3.6200  3.6200  3.6200  3.6200  3.6200  3.6200  3.6200  3.6200  3.6200  3.6200  3.6200  3.6200  
3.6200  3.6200  3.6200  3.6200  3.6200  3.6200  3.6200  3.6200  3.6200  3.6200  3.6200  3.6200  3.6200  3.6200  3.6200  3.6200  3.6200  3.6200  
3.6200  3.6200  3.6200  3.6200  3.6200  3.6200  3.6200  3.6200  3.6200  3.6200  3.6200  3.6200  3.6200  3.6200  3.6200  3.6200  3.6200  3.6200  
3.6200  3.6200  3.6200  3.6200  3.6200  3.6200  3.6200  3.6200  3.6200  3.6200  3.6200  3.6200  3.6200  3.6200  3.6200  3.6200  3.6200  3.6200  
3.6200  3.6200  3.6200  3.6200  3.6200  3.6200  3.6200  3.6200  3.6200  3.6200  3.6200  3.6200  3.6200  3.6200  3.6200  3.6200  3.6200  3.6200  
3.6200  3.6200  3.6200  3.6200  3.6200  3.6200  3.6200  3.6200  3.6200  3.6200  3.6200  3.6200  3.6200  3.6200  3.6200  3.6200  3.6200  3.6200  
3.6200  3.6200  3.6200  3.6200  3.6200  3.6200  3.6200  3.6200  3.6200  3.6200  3.6200  3.6200  3.6200  3.6200  3.6200  3.6200  3.6200  3.6200  
3.6200  3.6200  3.6200  3.6200  3.6200  3.6200  3.6200  3.6200  3.6200  3.6200  3.6200  3.6200  3.6200  3.6200  3.6200  3.6200  3.6200  3.6200  
3.6200  3.6200  3.6200  3.6200  3.6200  3.6200  3.6200  3.6200  3.6200  3.6200  3.6200  3.6200  3.6200  3.6200  3.6200  3.6200  3.6200  3.6200  
3.6200  3.6200  3.6200  3.6200  3.6200  3.6200  3.6200  3.6200  3.6200  3.6200  3.6200  3.6200  3.6200  3.6200  3.6200  3.6200  3.6200  3.6200  
3.6200  3.6200  3.6200  3.6200  3.6200  3.6200  3.6200  3.6200  3.6200  3.6200  3.6200  3.6200  3.6200  3.6200  3.6200  3.6200  3.6200  3.6200  
3.6200  3.6200  3.6200  3.6200  3.6200  3.6200  3.6200  3.6200  3.6200  3.6200  3.6200  3.6200  3.6200  3.6200  3.6200  3.6200  3.6200  3.6200  
3.6200  3.6200  3.6200  3.6200  3.6200  3.6200  3.6200  3.6200  3.6200  3.6200  3.6200  3.6200  3.6200  3.6200  3.6200  3.6200  3.6200  3.6200  
3.6200  3.6200  3.6200  3.6200  3.6200  3.6200  3.6200  3.6200  3.6200  3.6200  3.6200  3.6200  3.6200  3.6200  3.6200  3.6200  3.6200  3.6200  
3.6200  3.6200  3.6200  3.6200  3.6200  3.6200  3.6200  3.6200  3.6200  3.6200  3.6200  3.6200  3.6200  3.6200  3.6200  3.6200  3.6200  3.6200  
3.6200  3.6200  3.6200  3.6200  3.6200  3.6200  3.6200  3.6200  3.6200  3.6200  3.6200  3.6200  3.6200  3.6200  3.6200  3.6200  3.6200  3.6200  
3.6500  3.6500  3.6500  3.6500  3.6500  3.6500  3.6500  3.6500  3.6500  3.6500  3.6500  3.6500  3.6500  3.6500  3.6500  3.6500  3.6500  3.6500  
3.6500  3.6500  3.6500  3.6500  3.6500  3.6500  3.6500  3.6500  3.6500  3.6500  3.6500  3.6500  3.6500  3.6500  3.6500  3.6500  3.6500  3.6500  
3.6500  3.6500  3.6500  3.6500  3.6500  3.6500  3.6500  3.6500  3.6500  3.6500  3.6500  3.6500  3.6500  3.6500  3.6500  3.6500  3.6500  3.6500  
3.6500  3.6500  3.6500  3.6500  3.6500  3.6500  3.6500  3.6500  3.6500  3.6500  3.6500  3.6500  3.6500  3.6500  3.6500  3.6500  3.6500  3.6500  
3.6500  3.6500  3.6500  3.6500  3.6500  3.6500  3.6500  3.6500  3.6500  3.6500  3.6500  3.6500  3.6500  3.6500  3.6500  3.6500  3.6500  3.6500  
3.6500  3.6500  3.6500  3.6500  3.6500  3.6500  3.6500  3.6500  3.6500  3.6500  3.6500  3.6500  3.6500  3.6500  3.6500  3.6500  3.6500  3.6500  
3.6500  3.6500  3.6500  3.6500  3.6500  3.6500  3.6500  3.6500  3.6500  3.6500  3.6500  3.6500  3.6500  3.6500  3.6500  3.6500  3.6500  3.6500  
3.6500  3.6500  3.6500  3.6500  3.6500  3.6500  3.6500  3.6500  3.6500  3.6500  3.6500  3.6500  3.6500  3.6500  3.6500  3.6500  3.6500  3.6500  
3.6500  3.6500  3.6500  3.6500  3.6500  3.6500  3.6500  3.6500  3.6500  3.6500  3.6500  3.6500  3.6500  3.6500  3.6500  3.6500  3.6500  3.6500  
3.6500  3.6500  3.6500  3.6500  3.6500  3.6500  3.6500  3.6500  3.6500  3.6500  3.6500  3.6500  3.6500  3.6500  3.6500  3.6500  3.6500  3.6500  
3.6500  3.6500  3.6500  3.6500  3.6500  3.6500  3.6500  3.6500  3.6500  3.6500  3.6500  3.6500  3.6500  3.6500  3.6500  3.6500  3.6500  3.6500  
3.6500  3.6500  3.6500  3.6500  3.6500  3.6500  3.6500  3.6500  3.6500  3.6500  3.6500  3.6500  3.6500  3.6500  3.6500  3.6500  3.6500  3.6500  
3.6500  3.6500  3.6500  3.6500  3.6500  3.6500  3.6500  3.6500  3.6500  3.6500  3.6500  3.6500  3.6500  3.6500  3.6500  3.6500  3.6500  3.6500  
3.6500  3.6500  3.6500  3.6500  3.6500  3.6500  3.6500  3.6500  3.6500  3.6500  3.6500  3.6500  3.6500  3.6500  3.6500  3.6500  3.6500  3.6500  
3.6500  3.6500  3.6500  3.6500  3.6500  3.6500  3.6500  3.6500  3.6500  3.6500  3.6500  3.6500  3.6500  3.6500  3.6500  3.6500  3.6500  3.6500  
3.6500  3.6500  3.6500  3.6500  3.6500  3.6500  3.6500  3.6500  3.6500  3.6500  3.6500  3.6500  3.6500  3.6500  3.6500  3.6500  3.6500  3.6500  
3.6500  3.6500  3.6500  3.6500  3.6500  3.6500  3.6500  3.6500  3.6500  3.6500  3.6500  3.6500  3.6500  3.6500  3.6500  3.6500  3.6500  3.6500  
3.6500  3.6500  3.6500  3.6500  3.6500  3.6500  3.6500  3.6500  3.6500  3.6500  3.6500  3.6500  3.6500  3.6500  3.6500  3.6500  3.6500  3.6500  
3.6500  3.6500  3.6500  3.6500  3.6500  3.6500  3.6500  3.6500  3.6500  3.6500  3.6500  3.6500  3.6500  3.6500  3.6500  3.6500  3.6500  3.6500  
3.6500  3.6500  3.6500  3.6500  3.6500  3.6500  3.6500  3.6500  3.6500  3.6500  3.6500  3.6500  3.6500  3.6500  3.6500  3.6500  3.6500  3.6500  
3.6500  3.6500  3.6500  3.6500  3.6500  3.6500  3.6500  3.6500  3.6500  3.6500  3.6500  3.6500  3.6500  3.6500  3.6500  3.6500  3.6500  3.6500  
3.6500  3.6500  3.6500  3.6500  3.6500  3.6500  3.6500  3.6500  3.6500  3.6500  3.6500  3.6500  3.6500  3.6500  3.6500  3.6500  3.6500  3.6500  
3.6500  3.6500  3.6500  3.6500  3.6500  3.6500  3.6500  3.6500  3.6500  3.6500  3.6500  3.6500  3.6500  3.6500  3.6500  3.6500  3.6500  3.6500  
3.6500  3.6500  3.6500  3.6500  3.6500  3.6500  3.6500  3.6500  3.6500  3.6500  3.6500  3.6500  3.6500  3.6500  3.6500  3.6500  3.6500  3.6500  
3.6500  3.6500  3.6500  3.6500  3.6500  3.6500  3.6500  3.6500  3.6500  3.6500  3.6500  3.6500  3.6500  3.6500  3.6500  3.6500  3.6500  3.6500  
3.6500  3.6500  3.6500  3.6500  3.6500  3.6500  3.6500  3.6500  3.6500  3.6500  3.6500  3.6500  3.6500  3.6500  3.6500  3.6500  3.6500  3.6500  
3.6500  3.6500  3.6500  3.6500  3.6500  3.6500  3.6500  3.6500  3.6500  3.6500  3.6500  3.6500  3.6500  3.6500  3.6500  3.6500  3.6500  3.6500  
3.6500  3.6500  3.6500  3.6500  3.6500  3.6500  3.6500  3.6500  3.6500  3.6500  3.6500  3.6500  3.6500  3.6500  3.6500  3.6500  3.6500  3.6500  
3.6500  3.6500  3.6500  3.6500  3.6500  3.6500  3.6500  3.6500  3.6500  3.6500  3.6500  3.6500  3.6500  3.6500  3.6500  3.6500  3.6500  3.6500  
3.6500  3.6500  3.6500  3.6500  3.6500  3.6500  3.6500  3.6500  3.6500  3.6500  3.6500  3.6500  3.6500  3.6500  3.6500  3.6500  3.6500  3.6500  
3.6500  3.6500  3.6500  3.6500  3.6500  3.6500  3.6500  3.6500  3.6500  3.6500  3.6500  3.6500  3.6500  3.6500  3.6500  3.6500  3.6500  3.6500  
3.6700  3.6700  3.6700  3.6700  3.6700  3.6700  3.6700  3.6700  3.6700  3.6700  3.6700  3.6700  3.6700  3.6700  3.6700  3.6700  3.6700  3.6700  
3.6700  3.6700  3.6700  3.6700  3.6700  3.6700  3.6700  3.6700  3.6700  3.6700  3.6700  3.6700  3.6700  3.6700  3.6700  3.6700  3.6700  3.6700  
3.6700  3.6700  3.6700  3.6700  3.6700  3.6700  3.6700  3.6700  3.6700  3.6700  3.6700  3.6700  3.6700  3.6700  3.6700  3.6700  3.6700  3.6700  
3.6700  3.6700  3.6700  3.6700  3.6700  3.6700  3.6700  3.6700  3.6700  3.6700  3.6700  3.6700  3.6700  3.6700  3.6700  3.6700  3.6700  3.6700  
3.6700  3.6700  3.6700  3.6700  3.6700  3.6700  3.6700  3.6700  3.6700  3.6700  3.6700  3.6700  3.6700  3.6700  3.6700  3.6700  3.6700  3.6700  
3.6700  3.6700  3.6700  3.6700  3.6700  3.6700  3.6700  3.6700  3.6700  3.6700  3.6700  3.6700  3.6700  3.6700  3.6700  3.6700  3.6700  3.6700  
3.6700  3.6700  3.6700  3.6700  3.6700  3.6700  3.6700  3.6700  3.6700  3.6700  3.6700  3.6700  3.6700  3.6700  3.6700  3.6700  3.6700  3.6700  
3.6700  3.6700  3.6700  3.6700  3.6700  3.6700  3.6700  3.6700  3.6700  3.6700  3.6700  3.6700  3.6700  3.6700  3.6700  3.6700  3.6700  3.6700  
3.6700  3.6700  3.6700  3.6700  3.6700  3.6700  3.6700  3.6700  3.6700  3.6700  3.6700  3.6700  3.6700  3.6700  3.6700  3.6700  3.6700  3.6700  
3.6700  3.6700  3.6700  3.6700  3.6700  3.6700  3.6700  3.6700  3.6700  3.6700  3.6700  3.6700  3.6700  3.6700  3.6700  3.6700  3.6700  3.6700  
3.6700  3.6700  3.6700  3.6700  3.6700  3.6700  3.6700  3.6700  3.6700  3.6700  3.6700  3.6700  3.6700  3.6700  3.6700  3.6700  3.6700  3.6700  
3.6700  3.6700  3.6700  3.6700  3.6700  3.6700  3.6700  3.6700  3.6700  3.6700  3.6700  3.6700  3.6700  3.6700  3.6700  3.6700  3.6700  3.6700  
3.6700  3.6700  3.6700  3.6700  3.6700  3.6700  3.6700  3.6700  3.6700  3.6700  3.6700  3.6700  3.6700  3.6700  3.6700  3.6700  3.6700  3.6700  
3.6700  3.6700  3.6700  3.6700  3.6700  3.6700  3.6700  3.6700  3.6700  3.6700  3.6700  3.6700  3.6700  3.6700  3.6700  3.6700  3.6700  3.6700  
3.6700  3.6700  3.6700  3.6700  3.6700  3.6700  3.6700  3.6700  3.6700  3.6700  3.6700  3.6700  3.6700  3.6700  3.6700  3.6700  3.6700  3.6700  
3.6700  3.6700  3.6700  3.6700  3.6700  3.6700  3.6700  3.6700  3.6700  3.6700  3.6700  3.6700  3.6700  3.6700  3.6700  3.6700  3.6700  3.6700  
3.6700  3.6700  3.6700  3.6700  3.6700  3.6700  3.6700  3.6700  3.6700  3.6700  3.6700  3.6700  3.6700  3.6700  3.6700  3.6700  3.6700  3.6700  
3.6700  3.6700  3.6700  3.6700  3.6700  3.6700  3.6700  3.6700  3.6700  3.6700  3.6700  3.6700  3.6700  3.6700  3.6700  3.6700  3.6700  3.6700  
3.6700  3.6700  3.6700  3.6700  3.6700  3.6700  3.6700  3.6700  3.6700  3.6700  3.6700  3.6700  3.6700  3.6700  3.6700  3.6700  3.6700  3.6700  
3.6700  3.6700  3.6700  3.6700  3.6700  3.6700  3.6700  3.6700  3.6700  3.6700  3.6700  3.6700  3.6700  3.6700  3.6700  3.6700  3.6700  3.6700  
3.6700  3.6700  3.6700  3.6700  3.6700  3.6700  3.6700  3.6700  3.6700  3.6700  3.6700  3.6700  3.6700  3.6700  3.6700  3.6700  3.6700  3.6700  
3.6700  3.6700  3.6700  3.6700  3.6700  3.6700  3.6700  3.6700  3.6700  3.6700  3.6700  3.6700  3.6700  3.6700  3.6700  3.6700  3.6700  3.6700  
3.6700  3.6700  3.6700  3.6700  3.6700  3.6700  3.6700  3.6700  3.6700  3.6700  3.6700  3.6700  3.6700  3.6700  3.6700  3.6700  3.6700  3.6700  
3.6700  3.6700  3.6700  3.6700  3.6700  3.6700  3.6700  3.6700  3.6700  3.6700  3.6700  3.6700  3.6700  3.6700  3.6700  3.6700  3.6700  3.6700  
3.6700  3.6700  3.6700  3.6700  3.6700  3.6700  3.6700  3.6700  3.6700  3.6700  3.6700  3.6700  3.6700  3.6700  3.6700  3.6700  3.6700  3.6700  
3.6700  3.6700  3.6700  3.6700  3.6700  3.6700  3.6700  3.6700  3.6700  3.6700  3.6700  3.6700  3.6700  3.6700  3.6700  3.6700  3.6700  3.6700  
3.6700  3.6700  3.6700  3.6700  3.6700  3.6700  3.6700  3.6700  3.6700  3.6700  3.6700  3.6700  3.6700  3.6700  3.6700  3.6700  3.6700  3.6700  
3.6700  3.6700  3.6700  3.6700  3.6700  3.6700  3.6700  3.6700  3.6700  3.6700  3.6700  3.6700  3.6700  3.6700  3.6700  3.6700  3.6700  3.6700  
3.6700  3.6700  3.6700  3.6700  3.6700  3.6700  3.6700  3.6700  3.6700  3.6700  3.6700  3.6700  3.6700  3.6700  3.6700  3.6700  3.6700  3.6700  
3.6700  3.6700  3.6700  3.6700  3.6700  3.6700  3.6700  3.6700  3.6700  3.6700  3.6700  3.6700  3.6700  3.6700  3.6700  3.6700  3.6700  3.6700  
3.6700  3.6700  3.6700  3.6700  3.6700  3.6700  3.6700  3.6700  3.6700  3.6700  3.6700  3.6700  3.6700  3.6700  3.6700  3.6700  3.6700  3.6700  
3.6800  3.6800  3.6800  3.6800  3.6800  3.6800  3.6800  3.6800  3.6800  3.6800  3.6800  3.6800  3.6800  3.6800  3.6800  3.6800  3.6800  3.6800  
3.6800  3.6800  3.6800  3.6800  3.6800  3.6800  3.6800  3.6800  3.6800  3.6800  3.6800  3.6800  3.6800  3.6800  3.6800  3.6800  3.6800  3.6800  
3.6800  3.6800  3.6800  3.6800  3.6800  3.6800  3.6800  3.6800  3.6800  3.6800  3.6800  3.6800  3.6800  3.6800  3.6800  3.6800  3.6800  3.6800  
3.6800  3.6800  3.6800  3.6800  3.6800  3.6800  3.6800  3.6800  3.6800  3.6800  3.6800  3.6800  3.6800  3.6800  3.6800  3.6800  3.6800  3.6800  
3.6800  3.6800  3.6800  3.6800  3.6800  3.6800  3.6800  3.6800  3.6800  3.6800  3.6800  3.6800  3.6800  3.6800  3.6800  3.6800  3.6800  3.6800  
3.6800  3.6800  3.6800  3.6800  3.6800  3.6800  3.6800  3.6800  3.6800  3.6800  3.6800  3.6800  3.6800  3.6800  3.6800  3.6800  3.6800  3.6800  
3.6800  3.6800  3.6800  3.6800  3.6800  3.6800  3.6800  3.6800  3.6800  3.6800  3.6800  3.6800  3.6800  3.6800  3.6800  3.6800  3.6800  3.6800  
3.6800  3.6800  3.6800  3.6800  3.6800  3.6800  3.6800  3.6800  3.6800  3.6800  3.6800  3.6800  3.6800  3.6800  3.6800  3.6800  3.6800  3.6800  
3.6800  3.6800  3.6800  3.6800  3.6800  3.6800  3.6800  3.6800  3.6800  3.6800  3.6800  3.6800  3.6800  3.6800  3.6800  3.6800  3.6800  3.6800  
3.6800  3.6800  3.6800  3.6800  3.6800  3.6800  3.6800  3.6800  3.6800  3.6800  3.6800  3.6800  3.6800  3.6800  3.6800  3.6800  3.6800  3.6800  
3.6800  3.6800  3.6800  3.6800  3.6800  3.6800  3.6800  3.6800  3.6800  3.6800  3.6800  3.6800  3.6800  3.6800  3.6800  3.6800  3.6800  3.6800  
3.6800  3.6800  3.6800  3.6800  3.6800  3.6800  3.6800  3.6800  3.6800  3.6800  3.6800  3.6800  3.6800  3.6800  3.6800  3.6800  3.6800  3.6800  
3.6800  3.6800  3.6800  3.6800  3.6800  3.6800  3.6800  3.6800  3.6800  3.6800  3.6800  3.6800  3.6800  3.6800  3.6800  3.6800  3.6800  3.6800  
3.6800  3.6800  3.6800  3.6800  3.6800  3.6800  3.6800  3.6800  3.6800  3.6800  3.6800  3.6800  3.6800  3.6800  3.6800  3.6800  3.6800  3.6800  
3.6800  3.6800  3.6800  3.6800  3.6800  3.6800  3.6800  3.6800  3.6800  3.6800  3.6800  3.6800  3.6800  3.6800  3.6800  3.6800  3.6800  3.6800  
3.6800  3.6800  3.6800  3.6800  3.6800  3.6800  3.6800  3.6800  3.6800  3.6800  3.6800  3.6800  3.6800  3.6800  3.6800  3.6800  3.6800  3.6800  
3.6800  3.6800  3.6800  3.6800  3.6800  3.6800  3.6800  3.6800  3.6800  3.6800  3.6800  3.6800  3.6800  3.6800  3.6800  3.6800  3.6800  3.6800  
3.6800  3.6800  3.6800  3.6800  3.6800  3.6800  3.6800  3.6800  3.6800  3.6800  3.6800  3.6800  3.6800  3.6800  3.6800  3.6800  3.6800  3.6800  
3.6800  3.6800  3.6800  3.6800  3.6800  3.6800  3.6800  3.6800  3.6800  3.6800  3.6800  3.6800  3.6800  3.6800  3.6800  3.6800  3.6800  3.6800  
3.6800  3.6800  3.6800  3.6800  3.6800  3.6800  3.6800  3.6800  3.6800  3.6800  3.6800  3.6800  3.6800  3.6800  3.6800  3.6800  3.6800  3.6800  
3.6800  3.6800  3.6800  3.6800  3.6800  3.6800  3.6800  3.6800  3.6800  3.6800  3.6800  3.6800  3.6800  3.6800  3.6800  3.6800  3.6800  3.6800  
3.6800  3.6800  3.6800  3.6800  3.6800  3.6800  3.6800  3.6800  3.6800  3.6800  3.6800  3.6800  3.6800  3.6800  3.6800  3.6800  3.6800  3.6800  
3.6800  3.6800  3.6800  3.6800  3.6800  3.6800  3.6800  3.6800  3.6800  3.6800  3.6800  3.6800  3.6800  3.6800  3.6800  3.6800  3.6800  3.6800  
3.6800  3.6800  3.6800  3.6800  3.6800  3.6800  3.6800  3.6800  3.6800  3.6800  3.6800  3.6800  3.6800  3.6800  3.6800  3.6800  3.6800  3.6800  
3.6800  3.6800  3.6800  3.6800  3.6800  3.6800  3.6800  3.6800  3.6800  3.6800  3.6800  3.6800  3.6800  3.6800  3.6800  3.6800  3.6800  3.6800  
3.6800  3.6800  3.6800  3.6800  3.6800  3.6800  3.6800  3.6800  3.6800  3.6800  3.6800  3.6800  3.6800  3.6800  3.6800  3.6800  3.6800  3.6800  
3.6800  3.6800  3.6800  3.6800  3.6800  3.6800  3.6800  3.6800  3.6800  3.6800  3.6800  3.6800  3.6800  3.6800  3.6800  3.6800  3.6800  3.6800  
3.6800  3.6800  3.6800  3.6800  3.6800  3.6800  3.6800  3.6800  3.6800  3.6800  3.6800  3.6800  3.6800  3.6800  3.6800  3.6800  3.6800  3.6800  
3.6800  3.6800  3.6800  3.6800  3.6800  3.6800  3.6800  3.6800  3.6800  3.6800  3.6800  3.6800  3.6800  3.6800  3.6800  3.6800  3.6800  3.6800  
3.6800  3.6800  3.6800  3.6800  3.6800  3.6800  3.6800  3.6800  3.6800  3.6800  3.6800  3.6800  3.6800  3.6800  3.6800  3.6800  3.6800  3.6800  
3.6800  3.6800  3.6800  3.6800  3.6800  3.6800  3.6800  3.6800  3.6800  3.6800  3.6800  3.6800  3.6800  3.6800  3.6800  3.6800  3.6800  3.6800  
3.7300  3.7300  3.7300  3.7300  3.7300  3.7300  3.7300  3.7300  3.7300  3.7300  3.7300  3.7300  3.7300  3.7300  3.7300  3.7300  3.7300  3.7300  
3.7300  3.7300  3.7300  3.7300  3.7300  3.7300  3.7300  3.7300  3.7300  3.7300  3.7300  3.7300  3.7300  3.7300  3.7300  3.7300  3.7300  3.7300  
3.7300  3.7300  3.7300  3.7300  3.7300  3.7300  3.7300  3.7300  3.7300  3.7300  3.7300  3.7300  3.7300  3.7300  3.7300  3.7300  3.7300  3.7300  
3.7300  3.7300  3.7300  3.7300  3.7300  3.7300  3.7300  3.7300  3.7300  3.7300  3.7300  3.7300  3.7300  3.7300  3.7300  3.7300  3.7300  3.7300  
3.7300  3.7300  3.7300  3.7300  3.7300  3.7300  3.7300  3.7300  3.7300  3.7300  3.7300  3.7300  3.7300  3.7300  3.7300  3.7300  3.7300  3.7300  
3.7300  3.7300  3.7300  3.7300  3.7300  3.7300  3.7300  3.7300  3.7300  3.7300  3.7300  3.7300  3.7300  3.7300  3.7300  3.7300  3.7300  3.7300  
3.7300  3.7300  3.7300  3.7300  3.7300  3.7300  3.7300  3.7300  3.7300  3.7300  3.7300  3.7300  3.7300  3.7300  3.7300  3.7300  3.7300  3.7300  
3.7300  3.7300  3.7300  3.7300  3.7300  3.7300  3.7300  3.7300  3.7300  3.7300  3.7300  3.7300  3.7300  3.7300  3.7300  3.7300  3.7300  3.7300  
3.7300  3.7300  3.7300  3.7300  3.7300  3.7300  3.7300  3.7300  3.7300  3.7300  3.7300  3.7300  3.7300  3.7300  3.7300  3.7300  3.7300  3.7300  
3.7300  3.7300  3.7300  3.7300  3.7300  3.7300  3.7300  3.7300  3.7300  3.7300  3.7300  3.7300  3.7300  3.7300  3.7300  3.7300  3.7300  3.7300  
3.7300  3.7300  3.7300  3.7300  3.7300  3.7300  3.7300  3.7300  3.7300  3.7300  3.7300  3.7300  3.7300  3.7300  3.7300  3.7300  3.7300  3.7300  
3.7300  3.7300  3.7300  3.7300  3.7300  3.7300  3.7300  3.7300  3.7300  3.7300  3.7300  3.7300  3.7300  3.7300  3.7300  3.7300  3.7300  3.7300  
3.7300  3.7300  3.7300  3.7300  3.7300  3.7300  3.7300  3.7300  3.7300  3.7300  3.7300  3.7300  3.7300  3.7300  3.7300  3.7300  3.7300  3.7300  
3.7300  3.7300  3.7300  3.7300  3.7300  3.7300  3.7300  3.7300  3.7300  3.7300  3.7300  3.7300  3.7300  3.7300  3.7300  3.7300  3.7300  3.7300  
3.7300  3.7300  3.7300  3.7300  3.7300  3.7300  3.7300  3.7300  3.7300  3.7300  3.7300  3.7300  3.7300  3.7300  3.7300  3.7300  3.7300  3.7300  
3.7300  3.7300  3.7300  3.7300  3.7300  3.7300  3.7300  3.7300  3.7300  3.7300  3.7300  3.7300  3.7300  3.7300  3.7300  3.7300  3.7300  3.7300  
3.7300  3.7300  3.7300  3.7300  3.7300  3.7300  3.7300  3.7300  3.7300  3.7300  3.7300  3.7300  3.7300  3.7300  3.7300  3.7300  3.7300  3.7300  
3.7300  3.7300  3.7300  3.7300  3.7300  3.7300  3.7300  3.7300  3.7300  3.7300  3.7300  3.7300  3.7300  3.7300  3.7300  3.7300  3.7300  3.7300  
3.7300  3.7300  3.7300  3.7300  3.7300  3.7300  3.7300  3.7300  3.7300  3.7300  3.7300  3.7300  3.7300  3.7300  3.7300  3.7300  3.7300  3.7300  
3.7300  3.7300  3.7300  3.7300  3.7300  3.7300  3.7300  3.7300  3.7300  3.7300  3.7300  3.7300  3.7300  3.7300  3.7300  3.7300  3.7300  3.7300  
3.7300  3.7300  3.7300  3.7300  3.7300  3.7300  3.7300  3.7300  3.7300  3.7300  3.7300  3.7300  3.7300  3.7300  3.7300  3.7300  3.7300  3.7300  
3.7300  3.7300  3.7300  3.7300  3.7300  3.7300  3.7300  3.7300  3.7300  3.7300  3.7300  3.7300  3.7300  3.7300  3.7300  3.7300  3.7300  3.7300  
3.7300  3.7300  3.7300  3.7300  3.7300  3.7300  3.7300  3.7300  3.7300  3.7300  3.7300  3.7300  3.7300  3.7300  3.7300  3.7300  3.7300  3.7300  
3.7300  3.7300  3.7300  3.7300  3.7300  3.7300  3.7300  3.7300  3.7300  3.7300  3.7300  3.7300  3.7300  3.7300  3.7300  3.7300  3.7300  3.7300  
3.7300  3.7300  3.7300  3.7300  3.7300  3.7300  3.7300  3.7300  3.7300  3.7300  3.7300  3.7300  3.7300  3.7300  3.7300  3.7300  3.7300  3.7300  
3.7300  3.7300  3.7300  3.7300  3.7300  3.7300  3.7300  3.7300  3.7300  3.7300  3.7300  3.7300  3.7300  3.7300  3.7300  3.7300  3.7300  3.7300  
3.7300  3.7300  3.7300  3.7300  3.7300  3.7300  3.7300  3.7300  3.7300  3.7300  3.7300  3.7300  3.7300  3.7300  3.7300  3.7300  3.7300  3.7300  
3.7300  3.7300  3.7300  3.7300  3.7300  3.7300  3.7300  3.7300  3.7300  3.7300  3.7300  3.7300  3.7300  3.7300  3.7300  3.7300  3.7300  3.7300  
3.7300  3.7300  3.7300  3.7300  3.7300  3.7300  3.7300  3.7300  3.7300  3.7300  3.7300  3.7300  3.7300  3.7300  3.7300  3.7300  3.7300  3.7300  
3.7300  3.7300  3.7300  3.7300  3.7300  3.7300  3.7300  3.7300  3.7300  3.7300  3.7300  3.7300  3.7300  3.7300  3.7300  3.7300  3.7300  3.7300  
3.7300  3.7300  3.7300  3.7300  3.7300  3.7300  3.7300  3.7300  3.7300  3.7300  3.7300  3.7300  3.7300  3.7300  3.7300  3.7300  3.7300  3.7300  
3.7700  3.7700  3.7700  3.7700  3.7700  3.7700  3.7700  3.7700  3.7700  3.7700  3.7700  3.7700  3.7700  3.7700  3.7700  3.7700  3.7700  3.7700  
3.7700  3.7700  3.7700  3.7700  3.7700  3.7700  3.7700  3.7700  3.7700  3.7700  3.7700  3.7700  3.7700  3.7700  3.7700  3.7700  3.7700  3.7700  
3.7700  3.7700  3.7700  3.7700  3.7700  3.7700  3.7700  3.7700  3.7700  3.7700  3.7700  3.7700  3.7700  3.7700  3.7700  3.7700  3.7700  3.7700  
3.7700  3.7700  3.7700  3.7700  3.7700  3.7700  3.7700  3.7700  3.7700  3.7700  3.7700  3.7700  3.7700  3.7700  3.7700  3.7700  3.7700  3.7700  
3.7700  3.7700  3.7700  3.7700  3.7700  3.7700  3.7700  3.7700  3.7700  3.7700  3.7700  3.7700  3.7700  3.7700  3.7700  3.7700  3.7700  3.7700  
3.7700  3.7700  3.7700  3.7700  3.7700  3.7700  3.7700  3.7700  3.7700  3.7700  3.7700  3.7700  3.7700  3.7700  3.7700  3.7700  3.7700  3.7700  
3.7700  3.7700  3.7700  3.7700  3.7700  3.7700  3.7700  3.7700  3.7700  3.7700  3.7700  3.7700  3.7700  3.7700  3.7700  3.7700  3.7700  3.7700  
3.7700  3.7700  3.7700  3.7700  3.7700  3.7700  3.7700  3.7700  3.7700  3.7700  3.7700  3.7700  3.7700  3.7700  3.7700  3.7700  3.7700  3.7700  
3.7700  3.7700  3.7700  3.7700  3.7700  3.7700  3.7700  3.7700  3.7700  3.7700  3.7700  3.7700  3.7700  3.7700  3.7700  3.7700  3.7700  3.7700  
3.7700  3.7700  3.7700  3.7700  3.7700  3.7700  3.7700  3.7700  3.7700  3.7700  3.7700  3.7700  3.7700  3.7700  3.7700  3.7700  3.7700  3.7700  
3.7700  3.7700  3.7700  3.7700  3.7700  3.7700  3.7700  3.7700  3.7700  3.7700  3.7700  3.7700  3.7700  3.7700  3.7700  3.7700  3.7700  3.7700  
3.7700  3.7700  3.7700  3.7700  3.7700  3.7700  3.7700  3.7700  3.7700  3.7700  3.7700  3.7700  3.7700  3.7700  3.7700  3.7700  3.7700  3.7700  
3.7700  3.7700  3.7700  3.7700  3.7700  3.7700  3.7700  3.7700  3.7700  3.7700  3.7700  3.7700  3.7700  3.7700  3.7700  3.7700  3.7700  3.7700  
3.7700  3.7700  3.7700  3.7700  3.7700  3.7700  3.7700  3.7700  3.7700  3.7700  3.7700  3.7700  3.7700  3.7700  3.7700  3.7700  3.7700  3.7700  
3.7700  3.7700  3.7700  3.7700  3.7700  3.7700  3.7700  3.7700  3.7700  3.7700  3.7700  3.7700  3.7700  3.7700  3.7700  3.7700  3.7700  3.7700  
3.7700  3.7700  3.7700  3.7700  3.7700  3.7700  3.7700  3.7700  3.7700  3.7700  3.7700  3.7700  3.7700  3.7700  3.7700  3.7700  3.7700  3.7700  
3.7700  3.7700  3.7700  3.7700  3.7700  3.7700  3.7700  3.7700  3.7700  3.7700  3.7700  3.7700  3.7700  3.7700  3.7700  3.7700  3.7700  3.7700  
3.7700  3.7700  3.7700  3.7700  3.7700  3.7700  3.7700  3.7700  3.7700  3.7700  3.7700  3.7700  3.7700  3.7700  3.7700  3.7700  3.7700  3.7700  
3.7700  3.7700  3.7700  3.7700  3.7700  3.7700  3.7700  3.7700  3.7700  3.7700  3.7700  3.7700  3.7700  3.7700  3.7700  3.7700  3.7700  3.7700  
3.7700  3.7700  3.7700  3.7700  3.7700  3.7700  3.7700  3.7700  3.7700  3.7700  3.7700  3.7700  3.7700  3.7700  3.7700  3.7700  3.7700  3.7700  
3.7700  3.7700  3.7700  3.7700  3.7700  3.7700  3.7700  3.7700  3.7700  3.7700  3.7700  3.7700  3.7700  3.7700  3.7700  3.7700  3.7700  3.7700  
3.7700  3.7700  3.7700  3.7700  3.7700  3.7700  3.7700  3.7700  3.7700  3.7700  3.7700  3.7700  3.7700  3.7700  3.7700  3.7700  3.7700  3.7700  
3.7700  3.7700  3.7700  3.7700  3.7700  3.7700  3.7700  3.7700  3.7700  3.7700  3.7700  3.7700  3.7700  3.7700  3.7700  3.7700  3.7700  3.7700  
3.7700  3.7700  3.7700  3.7700  3.7700  3.7700  3.7700  3.7700  3.7700  3.7700  3.7700  3.7700  3.7700  3.7700  3.7700  3.7700  3.7700  3.7700  
3.7700  3.7700  3.7700  3.7700  3.7700  3.7700  3.7700  3.7700  3.7700  3.7700  3.7700  3.7700  3.7700  3.7700  3.7700  3.7700  3.7700  3.7700  
3.7700  3.7700  3.7700  3.7700  3.7700  3.7700  3.7700  3.7700  3.7700  3.7700  3.7700  3.7700  3.7700  3.7700  3.7700  3.7700  3.7700  3.7700  
3.7700  3.7700  3.7700  3.7700  3.7700  3.7700  3.7700  3.7700  3.7700  3.7700  3.7700  3.7700  3.7700  3.7700  3.7700  3.7700  3.7700  3.7700  
3.7700  3.7700  3.7700  3.7700  3.7700  3.7700  3.7700  3.7700  3.7700  3.7700  3.7700  3.7700  3.7700  3.7700  3.7700  3.7700  3.7700  3.7700  
3.7700  3.7700  3.7700  3.7700  3.7700  3.7700  3.7700  3.7700  3.7700  3.7700  3.7700  3.7700  3.7700  3.7700  3.7700  3.7700  3.7700  3.7700  
3.7700  3.7700  3.7700  3.7700  3.7700  3.7700  3.7700  3.7700  3.7700  3.7700  3.7700  3.7700  3.7700  3.7700  3.7700  3.7700  3.7700  3.7700  
3.7700  3.7700  3.7700  3.7700  3.7700  3.7700  3.7700  3.7700  3.7700  3.7700  3.7700  3.7700  3.7700  3.7700  3.7700  3.7700  3.7700  3.7700  
3.8200  3.8200  3.8200  3.8200  3.8200  3.8200  3.8200  3.8200  3.8200  3.8200  3.8200  3.8200  3.8200  3.8200  3.8200  3.8200  3.8200  3.8200  
3.8200  3.8200  3.8200  3.8200  3.8200  3.8200  3.8200  3.8200  3.8200  3.8200  3.8200  3.8200  3.8200  3.8200  3.8200  3.8200  3.8200  3.8200  
3.8200  3.8200  3.8200  3.8200  3.8200  3.8200  3.8200  3.8200  3.8200  3.8200  3.8200  3.8200  3.8200  3.8200  3.8200  3.8200  3.8200  3.8200  
3.8200  3.8200  3.8200  3.8200  3.8200  3.8200  3.8200  3.8200  3.8200  3.8200  3.8200  3.8200  3.8200  3.8200  3.8200  3.8200  3.8200  3.8200  
3.8200  3.8200  3.8200  3.8200  3.8200  3.8200  3.8200  3.8200  3.8200  3.8200  3.8200  3.8200  3.8200  3.8200  3.8200  3.8200  3.8200  3.8200  
3.8200  3.8200  3.8200  3.8200  3.8200  3.8200  3.8200  3.8200  3.8200  3.8200  3.8200  3.8200  3.8200  3.8200  3.8200  3.8200  3.8200  3.8200  
3.8200  3.8200  3.8200  3.8200  3.8200  3.8200  3.8200  3.8200  3.8200  3.8200  3.8200  3.8200  3.8200  3.8200  3.8200  3.8200  3.8200  3.8200  
3.8200  3.8200  3.8200  3.8200  3.8200  3.8200  3.8200  3.8200  3.8200  3.8200  3.8200  3.8200  3.8200  3.8200  3.8200  3.8200  3.8200  3.8200  
3.8200  3.8200  3.8200  3.8200  3.8200  3.8200  3.8200  3.8200  3.8200  3.8200  3.8200  3.8200  3.8200  3.8200  3.8200  3.8200  3.8200  3.8200  
3.8200  3.8200  3.8200  3.8200  3.8200  3.8200  3.8200  3.8200  3.8200  3.8200  3.8200  3.8200  3.8200  3.8200  3.8200  3.8200  3.8200  3.8200  
3.8200  3.8200  3.8200  3.8200  3.8200  3.8200  3.8200  3.8200  3.8200  3.8200  3.8200  3.8200  3.8200  3.8200  3.8200  3.8200  3.8200  3.8200  
3.8200  3.8200  3.8200  3.8200  3.8200  3.8200  3.8200  3.8200  3.8200  3.8200  3.8200  3.8200  3.8200  3.8200  3.8200  3.8200  3.8200  3.8200  
3.8200  3.8200  3.8200  3.8200  3.8200  3.8200  3.8200  3.8200  3.8200  3.8200  3.8200  3.8200  3.8200  3.8200  3.8200  3.8200  3.8200  3.8200  
3.8200  3.8200  3.8200  3.8200  3.8200  3.8200  3.8200  3.8200  3.8200  3.8200  3.8200  3.8200  3.8200  3.8200  3.8200  3.8200  3.8200  3.8200  
3.8200  3.8200  3.8200  3.8200  3.8200  3.8200  3.8200  3.8200  3.8200  3.8200  3.8200  3.8200  3.8200  3.8200  3.8200  3.8200  3.8200  3.8200  
3.8200  3.8200  3.8200  3.8200  3.8200  3.8200  3.8200  3.8200  3.8200  3.8200  3.8200  3.8200  3.8200  3.8200  3.8200  3.8200  3.8200  3.8200  
3.8200  3.8200  3.8200  3.8200  3.8200  3.8200  3.8200  3.8200  3.8200  3.8200  3.8200  3.8200  3.8200  3.8200  3.8200  3.8200  3.8200  3.8200  
3.8200  3.8200  3.8200  3.8200  3.8200  3.8200  3.8200  3.8200  3.8200  3.8200  3.8200  3.8200  3.8200  3.8200  3.8200  3.8200  3.8200  3.8200  
3.8200  3.8200  3.8200  3.8200  3.8200  3.8200  3.8200  3.8200  3.8200  3.8200  3.8200  3.8200  3.8200  3.8200  3.8200  3.8200  3.8200  3.8200  
3.8200  3.8200  3.8200  3.8200  3.8200  3.8200  3.8200  3.8200  3.8200  3.8200  3.8200  3.8200  3.8200  3.8200  3.8200  3.8200  3.8200  3.8200  
3.8200  3.8200  3.8200  3.8200  3.8200  3.8200  3.8200  3.8200  3.8200  3.8200  3.8200  3.8200  3.8200  3.8200  3.8200  3.8200  3.8200  3.8200  
3.8200  3.8200  3.8200  3.8200  3.8200  3.8200  3.8200  3.8200  3.8200  3.8200  3.8200  3.8200  3.8200  3.8200  3.8200  3.8200  3.8200  3.8200  
3.8200  3.8200  3.8200  3.8200  3.8200  3.8200  3.8200  3.8200  3.8200  3.8200  3.8200  3.8200  3.8200  3.8200  3.8200  3.8200  3.8200  3.8200  
3.8200  3.8200  3.8200  3.8200  3.8200  3.8200  3.8200  3.8200  3.8200  3.8200  3.8200  3.8200  3.8200  3.8200  3.8200  3.8200  3.8200  3.8200  
3.8200  3.8200  3.8200  3.8200  3.8200  3.8200  3.8200  3.8200  3.8200  3.8200  3.8200  3.8200  3.8200  3.8200  3.8200  3.8200  3.8200  3.8200  
3.8200  3.8200  3.8200  3.8200  3.8200  3.8200  3.8200  3.8200  3.8200  3.8200  3.8200  3.8200  3.8200  3.8200  3.8200  3.8200  3.8200  3.8200  
3.8200  3.8200  3.8200  3.8200  3.8200  3.8200  3.8200  3.8200  3.8200  3.8200  3.8200  3.8200  3.8200  3.8200  3.8200  3.8200  3.8200  3.8200  
3.8200  3.8200  3.8200  3.8200  3.8200  3.8200  3.8200  3.8200  3.8200  3.8200  3.8200  3.8200  3.8200  3.8200  3.8200  3.8200  3.8200  3.8200  
3.8200  3.8200  3.8200  3.8200  3.8200  3.8200  3.8200  3.8200  3.8200  3.8200  3.8200  3.8200  3.8200  3.8200  3.8200  3.8200  3.8200  3.8200  
3.8200  3.8200  3.8200  3.8200  3.8200  3.8200  3.8200  3.8200  3.8200  3.8200  3.8200  3.8200  3.8200  3.8200  3.8200  3.8200  3.8200  3.8200  
3.8200  3.8200  3.8200  3.8200  3.8200  3.8200  3.8200  3.8200  3.8200  3.8200  3.8200  3.8200  3.8200  3.8200  3.8200  3.8200  3.8200  3.8200  
3.8400  3.8400  3.8400  3.8400  3.8400  3.8400  3.8400  3.8400  3.8400  3.8400  3.8400  3.8400  3.8400  3.8400  3.8400  3.8400  3.8400  3.8400  
3.8400  3.8400  3.8400  3.8400  3.8400  3.8400  3.8400  3.8400  3.8400  3.8400  3.8400  3.8400  3.8400  3.8400  3.8400  3.8400  3.8400  3.8400  
3.8400  3.8400  3.8400  3.8400  3.8400  3.8400  3.8400  3.8400  3.8400  3.8400  3.8400  3.8400  3.8400  3.8400  3.8400  3.8400  3.8400  3.8400  
3.8400  3.8400  3.8400  3.8400  3.8400  3.8400  3.8400  3.8400  3.8400  3.8400  3.8400  3.8400  3.8400  3.8400  3.8400  3.8400  3.8400  3.8400  
3.8400  3.8400  3.8400  3.8400  3.8400  3.8400  3.8400  3.8400  3.8400  3.8400  3.8400  3.8400  3.8400  3.8400  3.8400  3.8400  3.8400  3.8400  
3.8400  3.8400  3.8400  3.8400  3.8400  3.8400  3.8400  3.8400  3.8400  3.8400  3.8400  3.8400  3.8400  3.8400  3.8400  3.8400  3.8400  3.8400  
3.8400  3.8400  3.8400  3.8400  3.8400  3.8400  3.8400  3.8400  3.8400  3.8400  3.8400  3.8400  3.8400  3.8400  3.8400  3.8400  3.8400  3.8400  
3.8400  3.8400  3.8400  3.8400  3.8400  3.8400  3.8400  3.8400  3.8400  3.8400  3.8400  3.8400  3.8400  3.8400  3.8400  3.8400  3.8400  3.8400  
3.8400  3.8400  3.8400  3.8400  3.8400  3.8400  3.8400  3.8400  3.8400  3.8400  3.8400  3.8400  3.8400  3.8400  3.8400  3.8400  3.8400  3.8400  
3.8400  3.8400  3.8400  3.8400  3.8400  3.8400  3.8400  3.8400  3.8400  3.8400  3.8400  3.8400  3.8400  3.8400  3.8400  3.8400  3.8400  3.8400  
3.8400  3.8400  3.8400  3.8400  3.8400  3.8400  3.8400  3.8400  3.8400  3.8400  3.8400  3.8400  3.8400  3.8400  3.8400  3.8400  3.8400  3.8400  
3.8400  3.8400  3.8400  3.8400  3.8400  3.8400  3.8400  3.8400  3.8400  3.8400  3.8400  3.8400  3.8400  3.8400  3.8400  3.8400  3.8400  3.8400  
3.8400  3.8400  3.8400  3.8400  3.8400  3.8400  3.8400  3.8400  3.8400  3.8400  3.8400  3.8400  3.8400  3.8400  3.8400  3.8400  3.8400  3.8400  
3.8400  3.8400  3.8400  3.8400  3.8400  3.8400  3.8400  3.8400  3.8400  3.8400  3.8400  3.8400  3.8400  3.8400  3.8400  3.8400  3.8400  3.8400  
3.8400  3.8400  3.8400  3.8400  3.8400  3.8400  3.8400  3.8400  3.8400  3.8400  3.8400  3.8400  3.8400  3.8400  3.8400  3.8400  3.8400  3.8400  
3.8400  3.8400  3.8400  3.8400  3.8400  3.8400  3.8400  3.8400  3.8400  3.8400  3.8400  3.8400  3.8400  3.8400  3.8400  3.8400  3.8400  3.8400  
3.8400  3.8400  3.8400  3.8400  3.8400  3.8400  3.8400  3.8400  3.8400  3.8400  3.8400  3.8400  3.8400  3.8400  3.8400  3.8400  3.8400  3.8400  
3.8400  3.8400  3.8400  3.8400  3.8400  3.8400  3.8400  3.8400  3.8400  3.8400  3.8400  3.8400  3.8400  3.8400  3.8400  3.8400  3.8400  3.8400  
3.8400  3.8400  3.8400  3.8400  3.8400  3.8400  3.8400  3.8400  3.8400  3.8400  3.8400  3.8400  3.8400  3.8400  3.8400  3.8400  3.8400  3.8400  
3.8400  3.8400  3.8400  3.8400  3.8400  3.8400  3.8400  3.8400  3.8400  3.8400  3.8400  3.8400  3.8400  3.8400  3.8400  3.8400  3.8400  3.8400  
3.8400  3.8400  3.8400  3.8400  3.8400  3.8400  3.8400  3.8400  3.8400  3.8400  3.8400  3.8400  3.8400  3.8400  3.8400  3.8400  3.8400  3.8400  
3.8400  3.8400  3.8400  3.8400  3.8400  3.8400  3.8400  3.8400  3.8400  3.8400  3.8400  3.8400  3.8400  3.8400  3.8400  3.8400  3.8400  3.8400  
3.8400  3.8400  3.8400  3.8400  3.8400  3.8400  3.8400  3.8400  3.8400  3.8400  3.8400  3.8400  3.8400  3.8400  3.8400  3.8400  3.8400  3.8400  
3.8400  3.8400  3.8400  3.8400  3.8400  3.8400  3.8400  3.8400  3.8400  3.8400  3.8400  3.8400  3.8400  3.8400  3.8400  3.8400  3.8400  3.8400  
3.8400  3.8400  3.8400  3.8400  3.8400  3.8400  3.8400  3.8400  3.8400  3.8400  3.8400  3.8400  3.8400  3.8400  3.8400  3.8400  3.8400  3.8400  
3.8400  3.8400  3.8400  3.8400  3.8400  3.8400  3.8400  3.8400  3.8400  3.8400  3.8400  3.8400  3.8400  3.8400  3.8400  3.8400  3.8400  3.8400  
3.8400  3.8400  3.8400  3.8400  3.8400  3.8400  3.8400  3.8400  3.8400  3.8400  3.8400  3.8400  3.8400  3.8400  3.8400  3.8400  3.8400  3.8400  
3.8400  3.8400  3.8400  3.8400  3.8400  3.8400  3.8400  3.8400  3.8400  3.8400  3.8400  3.8400  3.8400  3.8400  3.8400  3.8400  3.8400  3.8400  
3.8400  3.8400  3.8400  3.8400  3.8400  3.8400  3.8400  3.8400  3.8400  3.8400  3.8400  3.8400  3.8400  3.8400  3.8400  3.8400  3.8400  3.8400  
3.8400  3.8400  3.8400  3.8400  3.8400  3.8400  3.8400  3.8400  3.8400  3.8400  3.8400  3.8400  3.8400  3.8400  3.8400  3.8400  3.8400  3.8400  
3.8400  3.8400  3.8400  3.8400  3.8400  3.8400  3.8400  3.8400  3.8400  3.8400  3.8400  3.8400  3.8400  3.8400  3.8400  3.8400  3.8400  3.8400  
3.8600  3.8600  3.8600  3.8600  3.8600  3.8600  3.8600  3.8600  3.8600  3.8600  3.8600  3.8600  3.8600  3.8600  3.8600  3.8600  3.8600  3.8600  
3.8600  3.8600  3.8600  3.8600  3.8600  3.8600  3.8600  3.8600  3.8600  3.8600  3.8600  3.8600  3.8600  3.8600  3.8600  3.8600  3.8600  3.8600  
3.8600  3.8600  3.8600  3.8600  3.8600  3.8600  3.8600  3.8600  3.8600  3.8600  3.8600  3.8600  3.8600  3.8600  3.8600  3.8600  3.8600  3.8600  
3.8600  3.8600  3.8600  3.8600  3.8600  3.8600  3.8600  3.8600  3.8600  3.8600  3.8600  3.8600  3.8600  3.8600  3.8600  3.8600  3.8600  3.8600  
3.8600  3.8600  3.8600  3.8600  3.8600  3.8600  3.8600  3.8600  3.8600  3.8600  3.8600  3.8600  3.8600  3.8600  3.8600  3.8600  3.8600  3.8600  
3.8600  3.8600  3.8600  3.8600  3.8600  3.8600  3.8600  3.8600  3.8600  3.8600  3.8600  3.8600  3.8600  3.8600  3.8600  3.8600  3.8600  3.8600  
3.8600  3.8600  3.8600  3.8600  3.8600  3.8600  3.8600  3.8600  3.8600  3.8600  3.8600  3.8600  3.8600  3.8600  3.8600  3.8600  3.8600  3.8600  
3.8600  3.8600  3.8600  3.8600  3.8600  3.8600  3.8600  3.8600  3.8600  3.8600  3.8600  3.8600  3.8600  3.8600  3.8600  3.8600  3.8600  3.8600  
3.8600  3.8600  3.8600  3.8600  3.8600  3.8600  3.8600  3.8600  3.8600  3.8600  3.8600  3.8600  3.8600  3.8600  3.8600  3.8600  3.8600  3.8600  
3.8600  3.8600  3.8600  3.8600  3.8600  3.8600  3.8600  3.8600  3.8600  3.8600  3.8600  3.8600  3.8600  3.8600  3.8600  3.8600  3.8600  3.8600  
3.8600  3.8600  3.8600  3.8600  3.8600  3.8600  3.8600  3.8600  3.8600  3.8600  3.8600  3.8600  3.8600  3.8600  3.8600  3.8600  3.8600  3.8600  
3.8600  3.8600  3.8600  3.8600  3.8600  3.8600  3.8600  3.8600  3.8600  3.8600  3.8600  3.8600  3.8600  3.8600  3.8600  3.8600  3.8600  3.8600  
3.8600  3.8600  3.8600  3.8600  3.8600  3.8600  3.8600  3.8600  3.8600  3.8600  3.8600  3.8600  3.8600  3.8600  3.8600  3.8600  3.8600  3.8600  
3.8600  3.8600  3.8600  3.8600  3.8600  3.8600  3.8600  3.8600  3.8600  3.8600  3.8600  3.8600  3.8600  3.8600  3.8600  3.8600  3.8600  3.8600  
3.8600  3.8600  3.8600  3.8600  3.8600  3.8600  3.8600  3.8600  3.8600  3.8600  3.8600  3.8600  3.8600  3.8600  3.8600  3.8600  3.8600  3.8600  
3.8600  3.8600  3.8600  3.8600  3.8600  3.8600  3.8600  3.8600  3.8600  3.8600  3.8600  3.8600  3.8600  3.8600  3.8600  3.8600  3.8600  3.8600  
3.8600  3.8600  3.8600  3.8600  3.8600  3.8600  3.8600  3.8600  3.8600  3.8600  3.8600  3.8600  3.8600  3.8600  3.8600  3.8600  3.8600  3.8600  
3.8600  3.8600  3.8600  3.8600  3.8600  3.8600  3.8600  3.8600  3.8600  3.8600  3.8600  3.8600  3.8600  3.8600  3.8600  3.8600  3.8600  3.8600  
3.8600  3.8600  3.8600  3.8600  3.8600  3.8600  3.8600  3.8600  3.8600  3.8600  3.8600  3.8600  3.8600  3.8600  3.8600  3.8600  3.8600  3.8600  
3.8600  3.8600  3.8600  3.8600  3.8600  3.8600  3.8600  3.8600  3.8600  3.8600  3.8600  3.8600  3.8600  3.8600  3.8600  3.8600  3.8600  3.8600  
3.8600  3.8600  3.8600  3.8600  3.8600  3.8600  3.8600  3.8600  3.8600  3.8600  3.8600  3.8600  3.8600  3.8600  3.8600  3.8600  3.8600  3.8600  
3.8600  3.8600  3.8600  3.8600  3.8600  3.8600  3.8600  3.8600  3.8600  3.8600  3.8600  3.8600  3.8600  3.8600  3.8600  3.8600  3.8600  3.8600  
3.8600  3.8600  3.8600  3.8600  3.8600  3.8600  3.8600  3.8600  3.8600  3.8600  3.8600  3.8600  3.8600  3.8600  3.8600  3.8600  3.8600  3.8600  
3.8600  3.8600  3.8600  3.8600  3.8600  3.8600  3.8600  3.8600  3.8600  3.8600  3.8600  3.8600  3.8600  3.8600  3.8600  3.8600  3.8600  3.8600  
3.8600  3.8600  3.8600  3.8600  3.8600  3.8600  3.8600  3.8600  3.8600  3.8600  3.8600  3.8600  3.8600  3.8600  3.8600  3.8600  3.8600  3.8600  
3.8600  3.8600  3.8600  3.8600  3.8600  3.8600  3.8600  3.8600  3.8600  3.8600  3.8600  3.8600  3.8600  3.8600  3.8600  3.8600  3.8600  3.8600  
3.8600  3.8600  3.8600  3.8600  3.8600  3.8600  3.8600  3.8600  3.8600  3.8600  3.8600  3.8600  3.8600  3.8600  3.8600  3.8600  3.8600  3.8600  
3.8600  3.8600  3.8600  3.8600  3.8600  3.8600  3.8600  3.8600  3.8600  3.8600  3.8600  3.8600  3.8600  3.8600  3.8600  3.8600  3.8600  3.8600  
3.8600  3.8600  3.8600  3.8600  3.8600  3.8600  3.8600  3.8600  3.8600  3.8600  3.8600  3.8600  3.8600  3.8600  3.8600  3.8600  3.8600  3.8600  
3.8600  3.8600  3.8600  3.8600  3.8600  3.8600  3.8600  3.8600  3.8600  3.8600  3.8600  3.8600  3.8600  3.8600  3.8600  3.8600  3.8600  3.8600  
3.8600  3.8600  3.8600  3.8600  3.8600  3.8600  3.8600  3.8600  3.8600  3.8600  3.8600  3.8600  3.8600  3.8600  3.8600  3.8600  3.8600  3.8600  
