0.00    1.00    2.00    3.00    4.00    5.00    6.00    7.00    8.00    9.00    10.00   12.00   14.00   16.00   18.00   20.00   25.00   30.00   
2.665   2.665   2.665   2.665   2.665   2.665   2.665   2.665   2.665   2.665   2.665   2.665   2.665   2.665   2.665   2.665   2.665   2.665   
2.665   2.665   2.665   2.665   2.665   2.665   2.665   2.665   2.665   2.665   2.665   2.665   2.665   2.665   2.665   2.665   2.665   2.665   
2.665   2.665   2.665   2.665   2.665   2.665   2.665   2.665   2.665   2.665   2.665   2.665   2.665   2.665   2.665   2.665   2.665   2.665   
2.665   2.665   2.665   2.665   2.665   2.665   2.665   2.665   2.665   2.665   2.665   2.665   2.665   2.665   2.665   2.665   2.665   2.665   
2.665   2.665   2.665   2.665   2.665   2.665   2.665   2.665   2.665   2.665   2.665   2.665   2.665   2.665   2.665   2.665   2.665   2.665   
2.665   2.665   2.665   2.665   2.665   2.665   2.665   2.665   2.665   2.665   2.665   2.665   2.665   2.665   2.665   2.665   2.665   2.665   
2.665   2.665   2.665   2.665   2.665   2.665   2.665   2.665   2.665   2.665   2.665   2.665   2.665   2.665   2.665   2.665   2.665   2.665   
2.665   2.665   2.665   2.665   2.665   2.665   2.665   2.665   2.665   2.665   2.665   2.665   2.665   2.665   2.665   2.665   2.665   2.665   
2.665   2.665   2.665   2.665   2.665   2.665   2.665   2.665   2.665   2.665   2.665   2.665   2.665   2.665   2.665   2.665   2.665   2.665   
2.665   2.665   2.665   2.665   2.665   2.665   2.665   2.665   2.665   2.665   2.665   2.665   2.665   2.665   2.665   2.665   2.665   2.665   
2.665   2.665   2.665   2.665   2.665   2.665   2.665   2.665   2.665   2.665   2.665   2.665   2.665   2.665   2.665   2.665   2.665   2.665   
2.665   2.665   2.665   2.665   2.665   2.665   2.665   2.665   2.665   2.665   2.665   2.665   2.665   2.665   2.665   2.665   2.665   2.665   
2.665   2.665   2.665   2.665   2.665   2.665   2.665   2.665   2.665   2.665   2.665   2.665   2.665   2.665   2.665   2.665   2.665   2.665   
2.665   2.665   2.665   2.665   2.665   2.665   2.665   2.665   2.665   2.665   2.665   2.665   2.665   2.665   2.665   2.665   2.665   2.665   
2.665   2.665   2.665   2.665   2.665   2.665   2.665   2.665   2.665   2.665   2.665   2.665   2.665   2.665   2.665   2.665   2.665   2.665   
2.665   2.665   2.665   2.665   2.665   2.665   2.665   2.665   2.665   2.665   2.665   2.665   2.665   2.665   2.665   2.665   2.665   2.665   
2.665   2.665   2.665   2.665   2.665   2.665   2.665   2.665   2.665   2.665   2.665   2.665   2.665   2.665   2.665   2.665   2.665   2.665   
2.665   2.665   2.665   2.665   2.665   2.665   2.665   2.665   2.665   2.665   2.665   2.665   2.665   2.665   2.665   2.665   2.665   2.665   
2.665   2.665   2.665   2.665   2.665   2.665   2.665   2.665   2.665   2.665   2.665   2.665   2.665   2.665   2.665   2.665   2.665   2.665   
2.665   2.665   2.665   2.665   2.665   2.665   2.665   2.665   2.665   2.665   2.665   2.665   2.665   2.665   2.665   2.665   2.665   2.665   
2.665   2.665   2.665   2.665   2.665   2.665   2.665   2.665   2.665   2.665   2.665   2.665   2.665   2.665   2.665   2.665   2.665   2.665   
2.665   2.665   2.665   2.665   2.665   2.665   2.665   2.665   2.665   2.665   2.665   2.665   2.665   2.665   2.665   2.665   2.665   2.665   
2.665   2.665   2.665   2.665   2.665   2.665   2.665   2.665   2.665   2.665   2.665   2.665   2.665   2.665   2.665   2.665   2.665   2.665   
2.665   2.665   2.665   2.665   2.665   2.665   2.665   2.665   2.665   2.665   2.665   2.665   2.665   2.665   2.665   2.665   2.665   2.665   
2.665   2.665   2.665   2.665   2.665   2.665   2.665   2.665   2.665   2.665   2.665   2.665   2.665   2.665   2.665   2.665   2.665   2.665   
2.665   2.665   2.665   2.665   2.665   2.665   2.665   2.665   2.665   2.665   2.665   2.665   2.665   2.665   2.665   2.665   2.665   2.665   
2.665   2.665   2.665   2.665   2.665   2.665   2.665   2.665   2.665   2.665   2.665   2.665   2.665   2.665   2.665   2.665   2.665   2.665   
2.665   2.665   2.665   2.665   2.665   2.665   2.665   2.665   2.665   2.665   2.665   2.665   2.665   2.665   2.665   2.665   2.665   2.665   
2.665   2.665   2.665   2.665   2.665   2.665   2.665   2.665   2.665   2.665   2.665   2.665   2.665   2.665   2.665   2.665   2.665   2.665   
2.665   2.665   2.665   2.665   2.665   2.665   2.665   2.665   2.665   2.665   2.665   2.665   2.665   2.665   2.665   2.665   2.665   2.665   
2.665   2.665   2.665   2.665   2.665   2.665   2.665   2.665   2.665   2.665   2.665   2.665   2.665   2.665   2.665   2.665   2.665   2.665   
2.737   2.737   2.737   2.737   2.737   2.737   2.737   2.737   2.737   2.737   2.737   2.737   2.737   2.737   2.737   2.737   2.737   2.737   
2.737   2.737   2.737   2.737   2.737   2.737   2.737   2.737   2.737   2.737   2.737   2.737   2.737   2.737   2.737   2.737   2.737   2.737   
2.737   2.737   2.737   2.737   2.737   2.737   2.737   2.737   2.737   2.737   2.737   2.737   2.737   2.737   2.737   2.737   2.737   2.737   
2.737   2.737   2.737   2.737   2.737   2.737   2.737   2.737   2.737   2.737   2.737   2.737   2.737   2.737   2.737   2.737   2.737   2.737   
2.737   2.737   2.737   2.737   2.737   2.737   2.737   2.737   2.737   2.737   2.737   2.737   2.737   2.737   2.737   2.737   2.737   2.737   
2.737   2.737   2.737   2.737   2.737   2.737   2.737   2.737   2.737   2.737   2.737   2.737   2.737   2.737   2.737   2.737   2.737   2.737   
2.737   2.737   2.737   2.737   2.737   2.737   2.737   2.737   2.737   2.737   2.737   2.737   2.737   2.737   2.737   2.737   2.737   2.737   
2.737   2.737   2.737   2.737   2.737   2.737   2.737   2.737   2.737   2.737   2.737   2.737   2.737   2.737   2.737   2.737   2.737   2.737   
2.737   2.737   2.737   2.737   2.737   2.737   2.737   2.737   2.737   2.737   2.737   2.737   2.737   2.737   2.737   2.737   2.737   2.737   
2.737   2.737   2.737   2.737   2.737   2.737   2.737   2.737   2.737   2.737   2.737   2.737   2.737   2.737   2.737   2.737   2.737   2.737   
2.737   2.737   2.737   2.737   2.737   2.737   2.737   2.737   2.737   2.737   2.737   2.737   2.737   2.737   2.737   2.737   2.737   2.737   
2.737   2.737   2.737   2.737   2.737   2.737   2.737   2.737   2.737   2.737   2.737   2.737   2.737   2.737   2.737   2.737   2.737   2.737   
2.737   2.737   2.737   2.737   2.737   2.737   2.737   2.737   2.737   2.737   2.737   2.737   2.737   2.737   2.737   2.737   2.737   2.737   
2.737   2.737   2.737   2.737   2.737   2.737   2.737   2.737   2.737   2.737   2.737   2.737   2.737   2.737   2.737   2.737   2.737   2.737   
2.737   2.737   2.737   2.737   2.737   2.737   2.737   2.737   2.737   2.737   2.737   2.737   2.737   2.737   2.737   2.737   2.737   2.737   
2.737   2.737   2.737   2.737   2.737   2.737   2.737   2.737   2.737   2.737   2.737   2.737   2.737   2.737   2.737   2.737   2.737   2.737   
2.737   2.737   2.737   2.737   2.737   2.737   2.737   2.737   2.737   2.737   2.737   2.737   2.737   2.737   2.737   2.737   2.737   2.737   
2.737   2.737   2.737   2.737   2.737   2.737   2.737   2.737   2.737   2.737   2.737   2.737   2.737   2.737   2.737   2.737   2.737   2.737   
2.737   2.737   2.737   2.737   2.737   2.737   2.737   2.737   2.737   2.737   2.737   2.737   2.737   2.737   2.737   2.737   2.737   2.737   
2.737   2.737   2.737   2.737   2.737   2.737   2.737   2.737   2.737   2.737   2.737   2.737   2.737   2.737   2.737   2.737   2.737   2.737   
2.737   2.737   2.737   2.737   2.737   2.737   2.737   2.737   2.737   2.737   2.737   2.737   2.737   2.737   2.737   2.737   2.737   2.737   
2.737   2.737   2.737   2.737   2.737   2.737   2.737   2.737   2.737   2.737   2.737   2.737   2.737   2.737   2.737   2.737   2.737   2.737   
2.737   2.737   2.737   2.737   2.737   2.737   2.737   2.737   2.737   2.737   2.737   2.737   2.737   2.737   2.737   2.737   2.737   2.737   
2.737   2.737   2.737   2.737   2.737   2.737   2.737   2.737   2.737   2.737   2.737   2.737   2.737   2.737   2.737   2.737   2.737   2.737   
2.737   2.737   2.737   2.737   2.737   2.737   2.737   2.737   2.737   2.737   2.737   2.737   2.737   2.737   2.737   2.737   2.737   2.737   
2.737   2.737   2.737   2.737   2.737   2.737   2.737   2.737   2.737   2.737   2.737   2.737   2.737   2.737   2.737   2.737   2.737   2.737   
2.737   2.737   2.737   2.737   2.737   2.737   2.737   2.737   2.737   2.737   2.737   2.737   2.737   2.737   2.737   2.737   2.737   2.737   
2.737   2.737   2.737   2.737   2.737   2.737   2.737   2.737   2.737   2.737   2.737   2.737   2.737   2.737   2.737   2.737   2.737   2.737   
2.737   2.737   2.737   2.737   2.737   2.737   2.737   2.737   2.737   2.737   2.737   2.737   2.737   2.737   2.737   2.737   2.737   2.737   
2.737   2.737   2.737   2.737   2.737   2.737   2.737   2.737   2.737   2.737   2.737   2.737   2.737   2.737   2.737   2.737   2.737   2.737   
2.737   2.737   2.737   2.737   2.737   2.737   2.737   2.737   2.737   2.737   2.737   2.737   2.737   2.737   2.737   2.737   2.737   2.737   
2.998   2.998   2.998   2.998   2.998   2.998   2.998   2.998   2.998   2.998   2.998   2.998   2.998   2.998   2.998   2.998   2.998   2.998   
2.998   2.998   2.998   2.998   2.998   2.998   2.998   2.998   2.998   2.998   2.998   2.998   2.998   2.998   2.998   2.998   2.998   2.998   
2.998   2.998   2.998   2.998   2.998   2.998   2.998   2.998   2.998   2.998   2.998   2.998   2.998   2.998   2.998   2.998   2.998   2.998   
2.998   2.998   2.998   2.998   2.998   2.998   2.998   2.998   2.998   2.998   2.998   2.998   2.998   2.998   2.998   2.998   2.998   2.998   
2.998   2.998   2.998   2.998   2.998   2.998   2.998   2.998   2.998   2.998   2.998   2.998   2.998   2.998   2.998   2.998   2.998   2.998   
2.998   2.998   2.998   2.998   2.998   2.998   2.998   2.998   2.998   2.998   2.998   2.998   2.998   2.998   2.998   2.998   2.998   2.998   
2.998   2.998   2.998   2.998   2.998   2.998   2.998   2.998   2.998   2.998   2.998   2.998   2.998   2.998   2.998   2.998   2.998   2.998   
2.998   2.998   2.998   2.998   2.998   2.998   2.998   2.998   2.998   2.998   2.998   2.998   2.998   2.998   2.998   2.998   2.998   2.998   
2.998   2.998   2.998   2.998   2.998   2.998   2.998   2.998   2.998   2.998   2.998   2.998   2.998   2.998   2.998   2.998   2.998   2.998   
2.998   2.998   2.998   2.998   2.998   2.998   2.998   2.998   2.998   2.998   2.998   2.998   2.998   2.998   2.998   2.998   2.998   2.998   
2.998   2.998   2.998   2.998   2.998   2.998   2.998   2.998   2.998   2.998   2.998   2.998   2.998   2.998   2.998   2.998   2.998   2.998   
2.998   2.998   2.998   2.998   2.998   2.998   2.998   2.998   2.998   2.998   2.998   2.998   2.998   2.998   2.998   2.998   2.998   2.998   
2.998   2.998   2.998   2.998   2.998   2.998   2.998   2.998   2.998   2.998   2.998   2.998   2.998   2.998   2.998   2.998   2.998   2.998   
2.998   2.998   2.998   2.998   2.998   2.998   2.998   2.998   2.998   2.998   2.998   2.998   2.998   2.998   2.998   2.998   2.998   2.998   
2.998   2.998   2.998   2.998   2.998   2.998   2.998   2.998   2.998   2.998   2.998   2.998   2.998   2.998   2.998   2.998   2.998   2.998   
2.998   2.998   2.998   2.998   2.998   2.998   2.998   2.998   2.998   2.998   2.998   2.998   2.998   2.998   2.998   2.998   2.998   2.998   
2.998   2.998   2.998   2.998   2.998   2.998   2.998   2.998   2.998   2.998   2.998   2.998   2.998   2.998   2.998   2.998   2.998   2.998   
2.998   2.998   2.998   2.998   2.998   2.998   2.998   2.998   2.998   2.998   2.998   2.998   2.998   2.998   2.998   2.998   2.998   2.998   
2.998   2.998   2.998   2.998   2.998   2.998   2.998   2.998   2.998   2.998   2.998   2.998   2.998   2.998   2.998   2.998   2.998   2.998   
2.998   2.998   2.998   2.998   2.998   2.998   2.998   2.998   2.998   2.998   2.998   2.998   2.998   2.998   2.998   2.998   2.998   2.998   
2.998   2.998   2.998   2.998   2.998   2.998   2.998   2.998   2.998   2.998   2.998   2.998   2.998   2.998   2.998   2.998   2.998   2.998   
2.998   2.998   2.998   2.998   2.998   2.998   2.998   2.998   2.998   2.998   2.998   2.998   2.998   2.998   2.998   2.998   2.998   2.998   
2.998   2.998   2.998   2.998   2.998   2.998   2.998   2.998   2.998   2.998   2.998   2.998   2.998   2.998   2.998   2.998   2.998   2.998   
2.998   2.998   2.998   2.998   2.998   2.998   2.998   2.998   2.998   2.998   2.998   2.998   2.998   2.998   2.998   2.998   2.998   2.998   
2.998   2.998   2.998   2.998   2.998   2.998   2.998   2.998   2.998   2.998   2.998   2.998   2.998   2.998   2.998   2.998   2.998   2.998   
2.998   2.998   2.998   2.998   2.998   2.998   2.998   2.998   2.998   2.998   2.998   2.998   2.998   2.998   2.998   2.998   2.998   2.998   
2.998   2.998   2.998   2.998   2.998   2.998   2.998   2.998   2.998   2.998   2.998   2.998   2.998   2.998   2.998   2.998   2.998   2.998   
2.998   2.998   2.998   2.998   2.998   2.998   2.998   2.998   2.998   2.998   2.998   2.998   2.998   2.998   2.998   2.998   2.998   2.998   
2.998   2.998   2.998   2.998   2.998   2.998   2.998   2.998   2.998   2.998   2.998   2.998   2.998   2.998   2.998   2.998   2.998   2.998   
2.998   2.998   2.998   2.998   2.998   2.998   2.998   2.998   2.998   2.998   2.998   2.998   2.998   2.998   2.998   2.998   2.998   2.998   
2.998   2.998   2.998   2.998   2.998   2.998   2.998   2.998   2.998   2.998   2.998   2.998   2.998   2.998   2.998   2.998   2.998   2.998   
3.171   3.171   3.171   3.171   3.171   3.171   3.171   3.171   3.171   3.171   3.171   3.171   3.171   3.171   3.171   3.171   3.171   3.171   
3.171   3.171   3.171   3.171   3.171   3.171   3.171   3.171   3.171   3.171   3.171   3.171   3.171   3.171   3.171   3.171   3.171   3.171   
3.171   3.171   3.171   3.171   3.171   3.171   3.171   3.171   3.171   3.171   3.171   3.171   3.171   3.171   3.171   3.171   3.171   3.171   
3.171   3.171   3.171   3.171   3.171   3.171   3.171   3.171   3.171   3.171   3.171   3.171   3.171   3.171   3.171   3.171   3.171   3.171   
3.171   3.171   3.171   3.171   3.171   3.171   3.171   3.171   3.171   3.171   3.171   3.171   3.171   3.171   3.171   3.171   3.171   3.171   
3.171   3.171   3.171   3.171   3.171   3.171   3.171   3.171   3.171   3.171   3.171   3.171   3.171   3.171   3.171   3.171   3.171   3.171   
3.171   3.171   3.171   3.171   3.171   3.171   3.171   3.171   3.171   3.171   3.171   3.171   3.171   3.171   3.171   3.171   3.171   3.171   
3.171   3.171   3.171   3.171   3.171   3.171   3.171   3.171   3.171   3.171   3.171   3.171   3.171   3.171   3.171   3.171   3.171   3.171   
3.171   3.171   3.171   3.171   3.171   3.171   3.171   3.171   3.171   3.171   3.171   3.171   3.171   3.171   3.171   3.171   3.171   3.171   
3.171   3.171   3.171   3.171   3.171   3.171   3.171   3.171   3.171   3.171   3.171   3.171   3.171   3.171   3.171   3.171   3.171   3.171   
3.171   3.171   3.171   3.171   3.171   3.171   3.171   3.171   3.171   3.171   3.171   3.171   3.171   3.171   3.171   3.171   3.171   3.171   
3.171   3.171   3.171   3.171   3.171   3.171   3.171   3.171   3.171   3.171   3.171   3.171   3.171   3.171   3.171   3.171   3.171   3.171   
3.171   3.171   3.171   3.171   3.171   3.171   3.171   3.171   3.171   3.171   3.171   3.171   3.171   3.171   3.171   3.171   3.171   3.171   
3.171   3.171   3.171   3.171   3.171   3.171   3.171   3.171   3.171   3.171   3.171   3.171   3.171   3.171   3.171   3.171   3.171   3.171   
3.171   3.171   3.171   3.171   3.171   3.171   3.171   3.171   3.171   3.171   3.171   3.171   3.171   3.171   3.171   3.171   3.171   3.171   
3.171   3.171   3.171   3.171   3.171   3.171   3.171   3.171   3.171   3.171   3.171   3.171   3.171   3.171   3.171   3.171   3.171   3.171   
3.171   3.171   3.171   3.171   3.171   3.171   3.171   3.171   3.171   3.171   3.171   3.171   3.171   3.171   3.171   3.171   3.171   3.171   
3.171   3.171   3.171   3.171   3.171   3.171   3.171   3.171   3.171   3.171   3.171   3.171   3.171   3.171   3.171   3.171   3.171   3.171   
3.171   3.171   3.171   3.171   3.171   3.171   3.171   3.171   3.171   3.171   3.171   3.171   3.171   3.171   3.171   3.171   3.171   3.171   
3.171   3.171   3.171   3.171   3.171   3.171   3.171   3.171   3.171   3.171   3.171   3.171   3.171   3.171   3.171   3.171   3.171   3.171   
3.171   3.171   3.171   3.171   3.171   3.171   3.171   3.171   3.171   3.171   3.171   3.171   3.171   3.171   3.171   3.171   3.171   3.171   
3.171   3.171   3.171   3.171   3.171   3.171   3.171   3.171   3.171   3.171   3.171   3.171   3.171   3.171   3.171   3.171   3.171   3.171   
3.171   3.171   3.171   3.171   3.171   3.171   3.171   3.171   3.171   3.171   3.171   3.171   3.171   3.171   3.171   3.171   3.171   3.171   
3.171   3.171   3.171   3.171   3.171   3.171   3.171   3.171   3.171   3.171   3.171   3.171   3.171   3.171   3.171   3.171   3.171   3.171   
3.171   3.171   3.171   3.171   3.171   3.171   3.171   3.171   3.171   3.171   3.171   3.171   3.171   3.171   3.171   3.171   3.171   3.171   
3.171   3.171   3.171   3.171   3.171   3.171   3.171   3.171   3.171   3.171   3.171   3.171   3.171   3.171   3.171   3.171   3.171   3.171   
3.171   3.171   3.171   3.171   3.171   3.171   3.171   3.171   3.171   3.171   3.171   3.171   3.171   3.171   3.171   3.171   3.171   3.171   
3.171   3.171   3.171   3.171   3.171   3.171   3.171   3.171   3.171   3.171   3.171   3.171   3.171   3.171   3.171   3.171   3.171   3.171   
3.171   3.171   3.171   3.171   3.171   3.171   3.171   3.171   3.171   3.171   3.171   3.171   3.171   3.171   3.171   3.171   3.171   3.171   
3.171   3.171   3.171   3.171   3.171   3.171   3.171   3.171   3.171   3.171   3.171   3.171   3.171   3.171   3.171   3.171   3.171   3.171   
3.171   3.171   3.171   3.171   3.171   3.171   3.171   3.171   3.171   3.171   3.171   3.171   3.171   3.171   3.171   3.171   3.171   3.171   
3.273   3.273   3.273   3.273   3.273   3.273   3.273   3.273   3.273   3.273   3.273   3.273   3.273   3.273   3.273   3.273   3.273   3.273   
3.273   3.273   3.273   3.273   3.273   3.273   3.273   3.273   3.273   3.273   3.273   3.273   3.273   3.273   3.273   3.273   3.273   3.273   
3.273   3.273   3.273   3.273   3.273   3.273   3.273   3.273   3.273   3.273   3.273   3.273   3.273   3.273   3.273   3.273   3.273   3.273   
3.273   3.273   3.273   3.273   3.273   3.273   3.273   3.273   3.273   3.273   3.273   3.273   3.273   3.273   3.273   3.273   3.273   3.273   
3.273   3.273   3.273   3.273   3.273   3.273   3.273   3.273   3.273   3.273   3.273   3.273   3.273   3.273   3.273   3.273   3.273   3.273   
3.273   3.273   3.273   3.273   3.273   3.273   3.273   3.273   3.273   3.273   3.273   3.273   3.273   3.273   3.273   3.273   3.273   3.273   
3.273   3.273   3.273   3.273   3.273   3.273   3.273   3.273   3.273   3.273   3.273   3.273   3.273   3.273   3.273   3.273   3.273   3.273   
3.273   3.273   3.273   3.273   3.273   3.273   3.273   3.273   3.273   3.273   3.273   3.273   3.273   3.273   3.273   3.273   3.273   3.273   
3.273   3.273   3.273   3.273   3.273   3.273   3.273   3.273   3.273   3.273   3.273   3.273   3.273   3.273   3.273   3.273   3.273   3.273   
3.273   3.273   3.273   3.273   3.273   3.273   3.273   3.273   3.273   3.273   3.273   3.273   3.273   3.273   3.273   3.273   3.273   3.273   
3.273   3.273   3.273   3.273   3.273   3.273   3.273   3.273   3.273   3.273   3.273   3.273   3.273   3.273   3.273   3.273   3.273   3.273   
3.273   3.273   3.273   3.273   3.273   3.273   3.273   3.273   3.273   3.273   3.273   3.273   3.273   3.273   3.273   3.273   3.273   3.273   
3.273   3.273   3.273   3.273   3.273   3.273   3.273   3.273   3.273   3.273   3.273   3.273   3.273   3.273   3.273   3.273   3.273   3.273   
3.273   3.273   3.273   3.273   3.273   3.273   3.273   3.273   3.273   3.273   3.273   3.273   3.273   3.273   3.273   3.273   3.273   3.273   
3.273   3.273   3.273   3.273   3.273   3.273   3.273   3.273   3.273   3.273   3.273   3.273   3.273   3.273   3.273   3.273   3.273   3.273   
3.273   3.273   3.273   3.273   3.273   3.273   3.273   3.273   3.273   3.273   3.273   3.273   3.273   3.273   3.273   3.273   3.273   3.273   
3.273   3.273   3.273   3.273   3.273   3.273   3.273   3.273   3.273   3.273   3.273   3.273   3.273   3.273   3.273   3.273   3.273   3.273   
3.273   3.273   3.273   3.273   3.273   3.273   3.273   3.273   3.273   3.273   3.273   3.273   3.273   3.273   3.273   3.273   3.273   3.273   
3.273   3.273   3.273   3.273   3.273   3.273   3.273   3.273   3.273   3.273   3.273   3.273   3.273   3.273   3.273   3.273   3.273   3.273   
3.273   3.273   3.273   3.273   3.273   3.273   3.273   3.273   3.273   3.273   3.273   3.273   3.273   3.273   3.273   3.273   3.273   3.273   
3.273   3.273   3.273   3.273   3.273   3.273   3.273   3.273   3.273   3.273   3.273   3.273   3.273   3.273   3.273   3.273   3.273   3.273   
3.273   3.273   3.273   3.273   3.273   3.273   3.273   3.273   3.273   3.273   3.273   3.273   3.273   3.273   3.273   3.273   3.273   3.273   
3.273   3.273   3.273   3.273   3.273   3.273   3.273   3.273   3.273   3.273   3.273   3.273   3.273   3.273   3.273   3.273   3.273   3.273   
3.273   3.273   3.273   3.273   3.273   3.273   3.273   3.273   3.273   3.273   3.273   3.273   3.273   3.273   3.273   3.273   3.273   3.273   
3.273   3.273   3.273   3.273   3.273   3.273   3.273   3.273   3.273   3.273   3.273   3.273   3.273   3.273   3.273   3.273   3.273   3.273   
3.273   3.273   3.273   3.273   3.273   3.273   3.273   3.273   3.273   3.273   3.273   3.273   3.273   3.273   3.273   3.273   3.273   3.273   
3.273   3.273   3.273   3.273   3.273   3.273   3.273   3.273   3.273   3.273   3.273   3.273   3.273   3.273   3.273   3.273   3.273   3.273   
3.273   3.273   3.273   3.273   3.273   3.273   3.273   3.273   3.273   3.273   3.273   3.273   3.273   3.273   3.273   3.273   3.273   3.273   
3.273   3.273   3.273   3.273   3.273   3.273   3.273   3.273   3.273   3.273   3.273   3.273   3.273   3.273   3.273   3.273   3.273   3.273   
3.273   3.273   3.273   3.273   3.273   3.273   3.273   3.273   3.273   3.273   3.273   3.273   3.273   3.273   3.273   3.273   3.273   3.273   
3.273   3.273   3.273   3.273   3.273   3.273   3.273   3.273   3.273   3.273   3.273   3.273   3.273   3.273   3.273   3.273   3.273   3.273   
3.371   3.371   3.371   3.371   3.371   3.371   3.371   3.371   3.371   3.371   3.371   3.371   3.371   3.371   3.371   3.371   3.371   3.371   
3.371   3.371   3.371   3.371   3.371   3.371   3.371   3.371   3.371   3.371   3.371   3.371   3.371   3.371   3.371   3.371   3.371   3.371   
3.371   3.371   3.371   3.371   3.371   3.371   3.371   3.371   3.371   3.371   3.371   3.371   3.371   3.371   3.371   3.371   3.371   3.371   
3.371   3.371   3.371   3.371   3.371   3.371   3.371   3.371   3.371   3.371   3.371   3.371   3.371   3.371   3.371   3.371   3.371   3.371   
3.371   3.371   3.371   3.371   3.371   3.371   3.371   3.371   3.371   3.371   3.371   3.371   3.371   3.371   3.371   3.371   3.371   3.371   
3.371   3.371   3.371   3.371   3.371   3.371   3.371   3.371   3.371   3.371   3.371   3.371   3.371   3.371   3.371   3.371   3.371   3.371   
3.371   3.371   3.371   3.371   3.371   3.371   3.371   3.371   3.371   3.371   3.371   3.371   3.371   3.371   3.371   3.371   3.371   3.371   
3.371   3.371   3.371   3.371   3.371   3.371   3.371   3.371   3.371   3.371   3.371   3.371   3.371   3.371   3.371   3.371   3.371   3.371   
3.371   3.371   3.371   3.371   3.371   3.371   3.371   3.371   3.371   3.371   3.371   3.371   3.371   3.371   3.371   3.371   3.371   3.371   
3.371   3.371   3.371   3.371   3.371   3.371   3.371   3.371   3.371   3.371   3.371   3.371   3.371   3.371   3.371   3.371   3.371   3.371   
3.371   3.371   3.371   3.371   3.371   3.371   3.371   3.371   3.371   3.371   3.371   3.371   3.371   3.371   3.371   3.371   3.371   3.371   
3.371   3.371   3.371   3.371   3.371   3.371   3.371   3.371   3.371   3.371   3.371   3.371   3.371   3.371   3.371   3.371   3.371   3.371   
3.371   3.371   3.371   3.371   3.371   3.371   3.371   3.371   3.371   3.371   3.371   3.371   3.371   3.371   3.371   3.371   3.371   3.371   
3.371   3.371   3.371   3.371   3.371   3.371   3.371   3.371   3.371   3.371   3.371   3.371   3.371   3.371   3.371   3.371   3.371   3.371   
3.371   3.371   3.371   3.371   3.371   3.371   3.371   3.371   3.371   3.371   3.371   3.371   3.371   3.371   3.371   3.371   3.371   3.371   
3.371   3.371   3.371   3.371   3.371   3.371   3.371   3.371   3.371   3.371   3.371   3.371   3.371   3.371   3.371   3.371   3.371   3.371   
3.371   3.371   3.371   3.371   3.371   3.371   3.371   3.371   3.371   3.371   3.371   3.371   3.371   3.371   3.371   3.371   3.371   3.371   
3.371   3.371   3.371   3.371   3.371   3.371   3.371   3.371   3.371   3.371   3.371   3.371   3.371   3.371   3.371   3.371   3.371   3.371   
3.371   3.371   3.371   3.371   3.371   3.371   3.371   3.371   3.371   3.371   3.371   3.371   3.371   3.371   3.371   3.371   3.371   3.371   
3.371   3.371   3.371   3.371   3.371   3.371   3.371   3.371   3.371   3.371   3.371   3.371   3.371   3.371   3.371   3.371   3.371   3.371   
3.371   3.371   3.371   3.371   3.371   3.371   3.371   3.371   3.371   3.371   3.371   3.371   3.371   3.371   3.371   3.371   3.371   3.371   
3.371   3.371   3.371   3.371   3.371   3.371   3.371   3.371   3.371   3.371   3.371   3.371   3.371   3.371   3.371   3.371   3.371   3.371   
3.371   3.371   3.371   3.371   3.371   3.371   3.371   3.371   3.371   3.371   3.371   3.371   3.371   3.371   3.371   3.371   3.371   3.371   
3.371   3.371   3.371   3.371   3.371   3.371   3.371   3.371   3.371   3.371   3.371   3.371   3.371   3.371   3.371   3.371   3.371   3.371   
3.371   3.371   3.371   3.371   3.371   3.371   3.371   3.371   3.371   3.371   3.371   3.371   3.371   3.371   3.371   3.371   3.371   3.371   
3.371   3.371   3.371   3.371   3.371   3.371   3.371   3.371   3.371   3.371   3.371   3.371   3.371   3.371   3.371   3.371   3.371   3.371   
3.371   3.371   3.371   3.371   3.371   3.371   3.371   3.371   3.371   3.371   3.371   3.371   3.371   3.371   3.371   3.371   3.371   3.371   
3.371   3.371   3.371   3.371   3.371   3.371   3.371   3.371   3.371   3.371   3.371   3.371   3.371   3.371   3.371   3.371   3.371   3.371   
3.371   3.371   3.371   3.371   3.371   3.371   3.371   3.371   3.371   3.371   3.371   3.371   3.371   3.371   3.371   3.371   3.371   3.371   
3.371   3.371   3.371   3.371   3.371   3.371   3.371   3.371   3.371   3.371   3.371   3.371   3.371   3.371   3.371   3.371   3.371   3.371   
3.371   3.371   3.371   3.371   3.371   3.371   3.371   3.371   3.371   3.371   3.371   3.371   3.371   3.371   3.371   3.371   3.371   3.371   
3.467   3.467   3.467   3.467   3.467   3.467   3.467   3.467   3.467   3.467   3.467   3.467   3.467   3.467   3.467   3.467   3.467   3.467   
3.467   3.467   3.467   3.467   3.467   3.467   3.467   3.467   3.467   3.467   3.467   3.467   3.467   3.467   3.467   3.467   3.467   3.467   
3.467   3.467   3.467   3.467   3.467   3.467   3.467   3.467   3.467   3.467   3.467   3.467   3.467   3.467   3.467   3.467   3.467   3.467   
3.467   3.467   3.467   3.467   3.467   3.467   3.467   3.467   3.467   3.467   3.467   3.467   3.467   3.467   3.467   3.467   3.467   3.467   
3.467   3.467   3.467   3.467   3.467   3.467   3.467   3.467   3.467   3.467   3.467   3.467   3.467   3.467   3.467   3.467   3.467   3.467   
3.467   3.467   3.467   3.467   3.467   3.467   3.467   3.467   3.467   3.467   3.467   3.467   3.467   3.467   3.467   3.467   3.467   3.467   
3.467   3.467   3.467   3.467   3.467   3.467   3.467   3.467   3.467   3.467   3.467   3.467   3.467   3.467   3.467   3.467   3.467   3.467   
3.467   3.467   3.467   3.467   3.467   3.467   3.467   3.467   3.467   3.467   3.467   3.467   3.467   3.467   3.467   3.467   3.467   3.467   
3.467   3.467   3.467   3.467   3.467   3.467   3.467   3.467   3.467   3.467   3.467   3.467   3.467   3.467   3.467   3.467   3.467   3.467   
3.467   3.467   3.467   3.467   3.467   3.467   3.467   3.467   3.467   3.467   3.467   3.467   3.467   3.467   3.467   3.467   3.467   3.467   
3.467   3.467   3.467   3.467   3.467   3.467   3.467   3.467   3.467   3.467   3.467   3.467   3.467   3.467   3.467   3.467   3.467   3.467   
3.467   3.467   3.467   3.467   3.467   3.467   3.467   3.467   3.467   3.467   3.467   3.467   3.467   3.467   3.467   3.467   3.467   3.467   
3.467   3.467   3.467   3.467   3.467   3.467   3.467   3.467   3.467   3.467   3.467   3.467   3.467   3.467   3.467   3.467   3.467   3.467   
3.467   3.467   3.467   3.467   3.467   3.467   3.467   3.467   3.467   3.467   3.467   3.467   3.467   3.467   3.467   3.467   3.467   3.467   
3.467   3.467   3.467   3.467   3.467   3.467   3.467   3.467   3.467   3.467   3.467   3.467   3.467   3.467   3.467   3.467   3.467   3.467   
3.467   3.467   3.467   3.467   3.467   3.467   3.467   3.467   3.467   3.467   3.467   3.467   3.467   3.467   3.467   3.467   3.467   3.467   
3.467   3.467   3.467   3.467   3.467   3.467   3.467   3.467   3.467   3.467   3.467   3.467   3.467   3.467   3.467   3.467   3.467   3.467   
3.467   3.467   3.467   3.467   3.467   3.467   3.467   3.467   3.467   3.467   3.467   3.467   3.467   3.467   3.467   3.467   3.467   3.467   
3.467   3.467   3.467   3.467   3.467   3.467   3.467   3.467   3.467   3.467   3.467   3.467   3.467   3.467   3.467   3.467   3.467   3.467   
3.467   3.467   3.467   3.467   3.467   3.467   3.467   3.467   3.467   3.467   3.467   3.467   3.467   3.467   3.467   3.467   3.467   3.467   
3.467   3.467   3.467   3.467   3.467   3.467   3.467   3.467   3.467   3.467   3.467   3.467   3.467   3.467   3.467   3.467   3.467   3.467   
3.467   3.467   3.467   3.467   3.467   3.467   3.467   3.467   3.467   3.467   3.467   3.467   3.467   3.467   3.467   3.467   3.467   3.467   
3.467   3.467   3.467   3.467   3.467   3.467   3.467   3.467   3.467   3.467   3.467   3.467   3.467   3.467   3.467   3.467   3.467   3.467   
3.467   3.467   3.467   3.467   3.467   3.467   3.467   3.467   3.467   3.467   3.467   3.467   3.467   3.467   3.467   3.467   3.467   3.467   
3.467   3.467   3.467   3.467   3.467   3.467   3.467   3.467   3.467   3.467   3.467   3.467   3.467   3.467   3.467   3.467   3.467   3.467   
3.467   3.467   3.467   3.467   3.467   3.467   3.467   3.467   3.467   3.467   3.467   3.467   3.467   3.467   3.467   3.467   3.467   3.467   
3.467   3.467   3.467   3.467   3.467   3.467   3.467   3.467   3.467   3.467   3.467   3.467   3.467   3.467   3.467   3.467   3.467   3.467   
3.467   3.467   3.467   3.467   3.467   3.467   3.467   3.467   3.467   3.467   3.467   3.467   3.467   3.467   3.467   3.467   3.467   3.467   
3.467   3.467   3.467   3.467   3.467   3.467   3.467   3.467   3.467   3.467   3.467   3.467   3.467   3.467   3.467   3.467   3.467   3.467   
3.467   3.467   3.467   3.467   3.467   3.467   3.467   3.467   3.467   3.467   3.467   3.467   3.467   3.467   3.467   3.467   3.467   3.467   
3.467   3.467   3.467   3.467   3.467   3.467   3.467   3.467   3.467   3.467   3.467   3.467   3.467   3.467   3.467   3.467   3.467   3.467   
3.547   3.547   3.547   3.547   3.547   3.547   3.547   3.547   3.547   3.547   3.547   3.547   3.547   3.547   3.547   3.547   3.547   3.547   
3.547   3.547   3.547   3.547   3.547   3.547   3.547   3.547   3.547   3.547   3.547   3.547   3.547   3.547   3.547   3.547   3.547   3.547   
3.547   3.547   3.547   3.547   3.547   3.547   3.547   3.547   3.547   3.547   3.547   3.547   3.547   3.547   3.547   3.547   3.547   3.547   
3.547   3.547   3.547   3.547   3.547   3.547   3.547   3.547   3.547   3.547   3.547   3.547   3.547   3.547   3.547   3.547   3.547   3.547   
3.547   3.547   3.547   3.547   3.547   3.547   3.547   3.547   3.547   3.547   3.547   3.547   3.547   3.547   3.547   3.547   3.547   3.547   
3.547   3.547   3.547   3.547   3.547   3.547   3.547   3.547   3.547   3.547   3.547   3.547   3.547   3.547   3.547   3.547   3.547   3.547   
3.547   3.547   3.547   3.547   3.547   3.547   3.547   3.547   3.547   3.547   3.547   3.547   3.547   3.547   3.547   3.547   3.547   3.547   
3.547   3.547   3.547   3.547   3.547   3.547   3.547   3.547   3.547   3.547   3.547   3.547   3.547   3.547   3.547   3.547   3.547   3.547   
3.547   3.547   3.547   3.547   3.547   3.547   3.547   3.547   3.547   3.547   3.547   3.547   3.547   3.547   3.547   3.547   3.547   3.547   
3.547   3.547   3.547   3.547   3.547   3.547   3.547   3.547   3.547   3.547   3.547   3.547   3.547   3.547   3.547   3.547   3.547   3.547   
3.547   3.547   3.547   3.547   3.547   3.547   3.547   3.547   3.547   3.547   3.547   3.547   3.547   3.547   3.547   3.547   3.547   3.547   
3.547   3.547   3.547   3.547   3.547   3.547   3.547   3.547   3.547   3.547   3.547   3.547   3.547   3.547   3.547   3.547   3.547   3.547   
3.547   3.547   3.547   3.547   3.547   3.547   3.547   3.547   3.547   3.547   3.547   3.547   3.547   3.547   3.547   3.547   3.547   3.547   
3.547   3.547   3.547   3.547   3.547   3.547   3.547   3.547   3.547   3.547   3.547   3.547   3.547   3.547   3.547   3.547   3.547   3.547   
3.547   3.547   3.547   3.547   3.547   3.547   3.547   3.547   3.547   3.547   3.547   3.547   3.547   3.547   3.547   3.547   3.547   3.547   
3.547   3.547   3.547   3.547   3.547   3.547   3.547   3.547   3.547   3.547   3.547   3.547   3.547   3.547   3.547   3.547   3.547   3.547   
3.547   3.547   3.547   3.547   3.547   3.547   3.547   3.547   3.547   3.547   3.547   3.547   3.547   3.547   3.547   3.547   3.547   3.547   
3.547   3.547   3.547   3.547   3.547   3.547   3.547   3.547   3.547   3.547   3.547   3.547   3.547   3.547   3.547   3.547   3.547   3.547   
3.547   3.547   3.547   3.547   3.547   3.547   3.547   3.547   3.547   3.547   3.547   3.547   3.547   3.547   3.547   3.547   3.547   3.547   
3.547   3.547   3.547   3.547   3.547   3.547   3.547   3.547   3.547   3.547   3.547   3.547   3.547   3.547   3.547   3.547   3.547   3.547   
3.547   3.547   3.547   3.547   3.547   3.547   3.547   3.547   3.547   3.547   3.547   3.547   3.547   3.547   3.547   3.547   3.547   3.547   
3.547   3.547   3.547   3.547   3.547   3.547   3.547   3.547   3.547   3.547   3.547   3.547   3.547   3.547   3.547   3.547   3.547   3.547   
3.547   3.547   3.547   3.547   3.547   3.547   3.547   3.547   3.547   3.547   3.547   3.547   3.547   3.547   3.547   3.547   3.547   3.547   
3.547   3.547   3.547   3.547   3.547   3.547   3.547   3.547   3.547   3.547   3.547   3.547   3.547   3.547   3.547   3.547   3.547   3.547   
3.547   3.547   3.547   3.547   3.547   3.547   3.547   3.547   3.547   3.547   3.547   3.547   3.547   3.547   3.547   3.547   3.547   3.547   
3.547   3.547   3.547   3.547   3.547   3.547   3.547   3.547   3.547   3.547   3.547   3.547   3.547   3.547   3.547   3.547   3.547   3.547   
3.547   3.547   3.547   3.547   3.547   3.547   3.547   3.547   3.547   3.547   3.547   3.547   3.547   3.547   3.547   3.547   3.547   3.547   
3.547   3.547   3.547   3.547   3.547   3.547   3.547   3.547   3.547   3.547   3.547   3.547   3.547   3.547   3.547   3.547   3.547   3.547   
3.547   3.547   3.547   3.547   3.547   3.547   3.547   3.547   3.547   3.547   3.547   3.547   3.547   3.547   3.547   3.547   3.547   3.547   
3.547   3.547   3.547   3.547   3.547   3.547   3.547   3.547   3.547   3.547   3.547   3.547   3.547   3.547   3.547   3.547   3.547   3.547   
3.547   3.547   3.547   3.547   3.547   3.547   3.547   3.547   3.547   3.547   3.547   3.547   3.547   3.547   3.547   3.547   3.547   3.547   
3.600   3.600   3.600   3.600   3.600   3.600   3.600   3.600   3.600   3.600   3.600   3.600   3.600   3.600   3.600   3.600   3.600   3.600   
3.600   3.600   3.600   3.600   3.600   3.600   3.600   3.600   3.600   3.600   3.600   3.600   3.600   3.600   3.600   3.600   3.600   3.600   
3.600   3.600   3.600   3.600   3.600   3.600   3.600   3.600   3.600   3.600   3.600   3.600   3.600   3.600   3.600   3.600   3.600   3.600   
3.600   3.600   3.600   3.600   3.600   3.600   3.600   3.600   3.600   3.600   3.600   3.600   3.600   3.600   3.600   3.600   3.600   3.600   
3.600   3.600   3.600   3.600   3.600   3.600   3.600   3.600   3.600   3.600   3.600   3.600   3.600   3.600   3.600   3.600   3.600   3.600   
3.600   3.600   3.600   3.600   3.600   3.600   3.600   3.600   3.600   3.600   3.600   3.600   3.600   3.600   3.600   3.600   3.600   3.600   
3.600   3.600   3.600   3.600   3.600   3.600   3.600   3.600   3.600   3.600   3.600   3.600   3.600   3.600   3.600   3.600   3.600   3.600   
3.600   3.600   3.600   3.600   3.600   3.600   3.600   3.600   3.600   3.600   3.600   3.600   3.600   3.600   3.600   3.600   3.600   3.600   
3.600   3.600   3.600   3.600   3.600   3.600   3.600   3.600   3.600   3.600   3.600   3.600   3.600   3.600   3.600   3.600   3.600   3.600   
3.600   3.600   3.600   3.600   3.600   3.600   3.600   3.600   3.600   3.600   3.600   3.600   3.600   3.600   3.600   3.600   3.600   3.600   
3.600   3.600   3.600   3.600   3.600   3.600   3.600   3.600   3.600   3.600   3.600   3.600   3.600   3.600   3.600   3.600   3.600   3.600   
3.600   3.600   3.600   3.600   3.600   3.600   3.600   3.600   3.600   3.600   3.600   3.600   3.600   3.600   3.600   3.600   3.600   3.600   
3.600   3.600   3.600   3.600   3.600   3.600   3.600   3.600   3.600   3.600   3.600   3.600   3.600   3.600   3.600   3.600   3.600   3.600   
3.600   3.600   3.600   3.600   3.600   3.600   3.600   3.600   3.600   3.600   3.600   3.600   3.600   3.600   3.600   3.600   3.600   3.600   
3.600   3.600   3.600   3.600   3.600   3.600   3.600   3.600   3.600   3.600   3.600   3.600   3.600   3.600   3.600   3.600   3.600   3.600   
3.600   3.600   3.600   3.600   3.600   3.600   3.600   3.600   3.600   3.600   3.600   3.600   3.600   3.600   3.600   3.600   3.600   3.600   
3.600   3.600   3.600   3.600   3.600   3.600   3.600   3.600   3.600   3.600   3.600   3.600   3.600   3.600   3.600   3.600   3.600   3.600   
3.600   3.600   3.600   3.600   3.600   3.600   3.600   3.600   3.600   3.600   3.600   3.600   3.600   3.600   3.600   3.600   3.600   3.600   
3.600   3.600   3.600   3.600   3.600   3.600   3.600   3.600   3.600   3.600   3.600   3.600   3.600   3.600   3.600   3.600   3.600   3.600   
3.600   3.600   3.600   3.600   3.600   3.600   3.600   3.600   3.600   3.600   3.600   3.600   3.600   3.600   3.600   3.600   3.600   3.600   
3.600   3.600   3.600   3.600   3.600   3.600   3.600   3.600   3.600   3.600   3.600   3.600   3.600   3.600   3.600   3.600   3.600   3.600   
3.600   3.600   3.600   3.600   3.600   3.600   3.600   3.600   3.600   3.600   3.600   3.600   3.600   3.600   3.600   3.600   3.600   3.600   
3.600   3.600   3.600   3.600   3.600   3.600   3.600   3.600   3.600   3.600   3.600   3.600   3.600   3.600   3.600   3.600   3.600   3.600   
3.600   3.600   3.600   3.600   3.600   3.600   3.600   3.600   3.600   3.600   3.600   3.600   3.600   3.600   3.600   3.600   3.600   3.600   
3.600   3.600   3.600   3.600   3.600   3.600   3.600   3.600   3.600   3.600   3.600   3.600   3.600   3.600   3.600   3.600   3.600   3.600   
3.600   3.600   3.600   3.600   3.600   3.600   3.600   3.600   3.600   3.600   3.600   3.600   3.600   3.600   3.600   3.600   3.600   3.600   
3.600   3.600   3.600   3.600   3.600   3.600   3.600   3.600   3.600   3.600   3.600   3.600   3.600   3.600   3.600   3.600   3.600   3.600   
3.600   3.600   3.600   3.600   3.600   3.600   3.600   3.600   3.600   3.600   3.600   3.600   3.600   3.600   3.600   3.600   3.600   3.600   
3.600   3.600   3.600   3.600   3.600   3.600   3.600   3.600   3.600   3.600   3.600   3.600   3.600   3.600   3.600   3.600   3.600   3.600   
3.600   3.600   3.600   3.600   3.600   3.600   3.600   3.600   3.600   3.600   3.600   3.600   3.600   3.600   3.600   3.600   3.600   3.600   
3.600   3.600   3.600   3.600   3.600   3.600   3.600   3.600   3.600   3.600   3.600   3.600   3.600   3.600   3.600   3.600   3.600   3.600   
3.620   3.620   3.620   3.620   3.620   3.620   3.620   3.620   3.620   3.620   3.620   3.620   3.620   3.620   3.620   3.620   3.620   3.620   
3.620   3.620   3.620   3.620   3.620   3.620   3.620   3.620   3.620   3.620   3.620   3.620   3.620   3.620   3.620   3.620   3.620   3.620   
3.620   3.620   3.620   3.620   3.620   3.620   3.620   3.620   3.620   3.620   3.620   3.620   3.620   3.620   3.620   3.620   3.620   3.620   
3.620   3.620   3.620   3.620   3.620   3.620   3.620   3.620   3.620   3.620   3.620   3.620   3.620   3.620   3.620   3.620   3.620   3.620   
3.620   3.620   3.620   3.620   3.620   3.620   3.620   3.620   3.620   3.620   3.620   3.620   3.620   3.620   3.620   3.620   3.620   3.620   
3.620   3.620   3.620   3.620   3.620   3.620   3.620   3.620   3.620   3.620   3.620   3.620   3.620   3.620   3.620   3.620   3.620   3.620   
3.620   3.620   3.620   3.620   3.620   3.620   3.620   3.620   3.620   3.620   3.620   3.620   3.620   3.620   3.620   3.620   3.620   3.620   
3.620   3.620   3.620   3.620   3.620   3.620   3.620   3.620   3.620   3.620   3.620   3.620   3.620   3.620   3.620   3.620   3.620   3.620   
3.620   3.620   3.620   3.620   3.620   3.620   3.620   3.620   3.620   3.620   3.620   3.620   3.620   3.620   3.620   3.620   3.620   3.620   
3.620   3.620   3.620   3.620   3.620   3.620   3.620   3.620   3.620   3.620   3.620   3.620   3.620   3.620   3.620   3.620   3.620   3.620   
3.620   3.620   3.620   3.620   3.620   3.620   3.620   3.620   3.620   3.620   3.620   3.620   3.620   3.620   3.620   3.620   3.620   3.620   
3.620   3.620   3.620   3.620   3.620   3.620   3.620   3.620   3.620   3.620   3.620   3.620   3.620   3.620   3.620   3.620   3.620   3.620   
3.620   3.620   3.620   3.620   3.620   3.620   3.620   3.620   3.620   3.620   3.620   3.620   3.620   3.620   3.620   3.620   3.620   3.620   
3.620   3.620   3.620   3.620   3.620   3.620   3.620   3.620   3.620   3.620   3.620   3.620   3.620   3.620   3.620   3.620   3.620   3.620   
3.620   3.620   3.620   3.620   3.620   3.620   3.620   3.620   3.620   3.620   3.620   3.620   3.620   3.620   3.620   3.620   3.620   3.620   
3.620   3.620   3.620   3.620   3.620   3.620   3.620   3.620   3.620   3.620   3.620   3.620   3.620   3.620   3.620   3.620   3.620   3.620   
3.620   3.620   3.620   3.620   3.620   3.620   3.620   3.620   3.620   3.620   3.620   3.620   3.620   3.620   3.620   3.620   3.620   3.620   
3.620   3.620   3.620   3.620   3.620   3.620   3.620   3.620   3.620   3.620   3.620   3.620   3.620   3.620   3.620   3.620   3.620   3.620   
3.620   3.620   3.620   3.620   3.620   3.620   3.620   3.620   3.620   3.620   3.620   3.620   3.620   3.620   3.620   3.620   3.620   3.620   
3.620   3.620   3.620   3.620   3.620   3.620   3.620   3.620   3.620   3.620   3.620   3.620   3.620   3.620   3.620   3.620   3.620   3.620   
3.620   3.620   3.620   3.620   3.620   3.620   3.620   3.620   3.620   3.620   3.620   3.620   3.620   3.620   3.620   3.620   3.620   3.620   
3.620   3.620   3.620   3.620   3.620   3.620   3.620   3.620   3.620   3.620   3.620   3.620   3.620   3.620   3.620   3.620   3.620   3.620   
3.620   3.620   3.620   3.620   3.620   3.620   3.620   3.620   3.620   3.620   3.620   3.620   3.620   3.620   3.620   3.620   3.620   3.620   
3.620   3.620   3.620   3.620   3.620   3.620   3.620   3.620   3.620   3.620   3.620   3.620   3.620   3.620   3.620   3.620   3.620   3.620   
3.620   3.620   3.620   3.620   3.620   3.620   3.620   3.620   3.620   3.620   3.620   3.620   3.620   3.620   3.620   3.620   3.620   3.620   
3.620   3.620   3.620   3.620   3.620   3.620   3.620   3.620   3.620   3.620   3.620   3.620   3.620   3.620   3.620   3.620   3.620   3.620   
3.620   3.620   3.620   3.620   3.620   3.620   3.620   3.620   3.620   3.620   3.620   3.620   3.620   3.620   3.620   3.620   3.620   3.620   
3.620   3.620   3.620   3.620   3.620   3.620   3.620   3.620   3.620   3.620   3.620   3.620   3.620   3.620   3.620   3.620   3.620   3.620   
3.620   3.620   3.620   3.620   3.620   3.620   3.620   3.620   3.620   3.620   3.620   3.620   3.620   3.620   3.620   3.620   3.620   3.620   
3.620   3.620   3.620   3.620   3.620   3.620   3.620   3.620   3.620   3.620   3.620   3.620   3.620   3.620   3.620   3.620   3.620   3.620   
3.620   3.620   3.620   3.620   3.620   3.620   3.620   3.620   3.620   3.620   3.620   3.620   3.620   3.620   3.620   3.620   3.620   3.620   
3.650   3.650   3.650   3.650   3.650   3.650   3.650   3.650   3.650   3.650   3.650   3.650   3.650   3.650   3.650   3.650   3.650   3.650   
3.650   3.650   3.650   3.650   3.650   3.650   3.650   3.650   3.650   3.650   3.650   3.650   3.650   3.650   3.650   3.650   3.650   3.650   
3.650   3.650   3.650   3.650   3.650   3.650   3.650   3.650   3.650   3.650   3.650   3.650   3.650   3.650   3.650   3.650   3.650   3.650   
3.650   3.650   3.650   3.650   3.650   3.650   3.650   3.650   3.650   3.650   3.650   3.650   3.650   3.650   3.650   3.650   3.650   3.650   
3.650   3.650   3.650   3.650   3.650   3.650   3.650   3.650   3.650   3.650   3.650   3.650   3.650   3.650   3.650   3.650   3.650   3.650   
3.650   3.650   3.650   3.650   3.650   3.650   3.650   3.650   3.650   3.650   3.650   3.650   3.650   3.650   3.650   3.650   3.650   3.650   
3.650   3.650   3.650   3.650   3.650   3.650   3.650   3.650   3.650   3.650   3.650   3.650   3.650   3.650   3.650   3.650   3.650   3.650   
3.650   3.650   3.650   3.650   3.650   3.650   3.650   3.650   3.650   3.650   3.650   3.650   3.650   3.650   3.650   3.650   3.650   3.650   
3.650   3.650   3.650   3.650   3.650   3.650   3.650   3.650   3.650   3.650   3.650   3.650   3.650   3.650   3.650   3.650   3.650   3.650   
3.650   3.650   3.650   3.650   3.650   3.650   3.650   3.650   3.650   3.650   3.650   3.650   3.650   3.650   3.650   3.650   3.650   3.650   
3.650   3.650   3.650   3.650   3.650   3.650   3.650   3.650   3.650   3.650   3.650   3.650   3.650   3.650   3.650   3.650   3.650   3.650   
3.650   3.650   3.650   3.650   3.650   3.650   3.650   3.650   3.650   3.650   3.650   3.650   3.650   3.650   3.650   3.650   3.650   3.650   
3.650   3.650   3.650   3.650   3.650   3.650   3.650   3.650   3.650   3.650   3.650   3.650   3.650   3.650   3.650   3.650   3.650   3.650   
3.650   3.650   3.650   3.650   3.650   3.650   3.650   3.650   3.650   3.650   3.650   3.650   3.650   3.650   3.650   3.650   3.650   3.650   
3.650   3.650   3.650   3.650   3.650   3.650   3.650   3.650   3.650   3.650   3.650   3.650   3.650   3.650   3.650   3.650   3.650   3.650   
3.650   3.650   3.650   3.650   3.650   3.650   3.650   3.650   3.650   3.650   3.650   3.650   3.650   3.650   3.650   3.650   3.650   3.650   
3.650   3.650   3.650   3.650   3.650   3.650   3.650   3.650   3.650   3.650   3.650   3.650   3.650   3.650   3.650   3.650   3.650   3.650   
3.650   3.650   3.650   3.650   3.650   3.650   3.650   3.650   3.650   3.650   3.650   3.650   3.650   3.650   3.650   3.650   3.650   3.650   
3.650   3.650   3.650   3.650   3.650   3.650   3.650   3.650   3.650   3.650   3.650   3.650   3.650   3.650   3.650   3.650   3.650   3.650   
3.650   3.650   3.650   3.650   3.650   3.650   3.650   3.650   3.650   3.650   3.650   3.650   3.650   3.650   3.650   3.650   3.650   3.650   
3.650   3.650   3.650   3.650   3.650   3.650   3.650   3.650   3.650   3.650   3.650   3.650   3.650   3.650   3.650   3.650   3.650   3.650   
3.650   3.650   3.650   3.650   3.650   3.650   3.650   3.650   3.650   3.650   3.650   3.650   3.650   3.650   3.650   3.650   3.650   3.650   
3.650   3.650   3.650   3.650   3.650   3.650   3.650   3.650   3.650   3.650   3.650   3.650   3.650   3.650   3.650   3.650   3.650   3.650   
3.650   3.650   3.650   3.650   3.650   3.650   3.650   3.650   3.650   3.650   3.650   3.650   3.650   3.650   3.650   3.650   3.650   3.650   
3.650   3.650   3.650   3.650   3.650   3.650   3.650   3.650   3.650   3.650   3.650   3.650   3.650   3.650   3.650   3.650   3.650   3.650   
3.650   3.650   3.650   3.650   3.650   3.650   3.650   3.650   3.650   3.650   3.650   3.650   3.650   3.650   3.650   3.650   3.650   3.650   
3.650   3.650   3.650   3.650   3.650   3.650   3.650   3.650   3.650   3.650   3.650   3.650   3.650   3.650   3.650   3.650   3.650   3.650   
3.650   3.650   3.650   3.650   3.650   3.650   3.650   3.650   3.650   3.650   3.650   3.650   3.650   3.650   3.650   3.650   3.650   3.650   
3.650   3.650   3.650   3.650   3.650   3.650   3.650   3.650   3.650   3.650   3.650   3.650   3.650   3.650   3.650   3.650   3.650   3.650   
3.650   3.650   3.650   3.650   3.650   3.650   3.650   3.650   3.650   3.650   3.650   3.650   3.650   3.650   3.650   3.650   3.650   3.650   
3.650   3.650   3.650   3.650   3.650   3.650   3.650   3.650   3.650   3.650   3.650   3.650   3.650   3.650   3.650   3.650   3.650   3.650   
3.670   3.670   3.670   3.670   3.670   3.670   3.670   3.670   3.670   3.670   3.670   3.670   3.670   3.670   3.670   3.670   3.670   3.670   
3.670   3.670   3.670   3.670   3.670   3.670   3.670   3.670   3.670   3.670   3.670   3.670   3.670   3.670   3.670   3.670   3.670   3.670   
3.670   3.670   3.670   3.670   3.670   3.670   3.670   3.670   3.670   3.670   3.670   3.670   3.670   3.670   3.670   3.670   3.670   3.670   
3.670   3.670   3.670   3.670   3.670   3.670   3.670   3.670   3.670   3.670   3.670   3.670   3.670   3.670   3.670   3.670   3.670   3.670   
3.670   3.670   3.670   3.670   3.670   3.670   3.670   3.670   3.670   3.670   3.670   3.670   3.670   3.670   3.670   3.670   3.670   3.670   
3.670   3.670   3.670   3.670   3.670   3.670   3.670   3.670   3.670   3.670   3.670   3.670   3.670   3.670   3.670   3.670   3.670   3.670   
3.670   3.670   3.670   3.670   3.670   3.670   3.670   3.670   3.670   3.670   3.670   3.670   3.670   3.670   3.670   3.670   3.670   3.670   
3.670   3.670   3.670   3.670   3.670   3.670   3.670   3.670   3.670   3.670   3.670   3.670   3.670   3.670   3.670   3.670   3.670   3.670   
3.670   3.670   3.670   3.670   3.670   3.670   3.670   3.670   3.670   3.670   3.670   3.670   3.670   3.670   3.670   3.670   3.670   3.670   
3.670   3.670   3.670   3.670   3.670   3.670   3.670   3.670   3.670   3.670   3.670   3.670   3.670   3.670   3.670   3.670   3.670   3.670   
3.670   3.670   3.670   3.670   3.670   3.670   3.670   3.670   3.670   3.670   3.670   3.670   3.670   3.670   3.670   3.670   3.670   3.670   
3.670   3.670   3.670   3.670   3.670   3.670   3.670   3.670   3.670   3.670   3.670   3.670   3.670   3.670   3.670   3.670   3.670   3.670   
3.670   3.670   3.670   3.670   3.670   3.670   3.670   3.670   3.670   3.670   3.670   3.670   3.670   3.670   3.670   3.670   3.670   3.670   
3.670   3.670   3.670   3.670   3.670   3.670   3.670   3.670   3.670   3.670   3.670   3.670   3.670   3.670   3.670   3.670   3.670   3.670   
3.670   3.670   3.670   3.670   3.670   3.670   3.670   3.670   3.670   3.670   3.670   3.670   3.670   3.670   3.670   3.670   3.670   3.670   
3.670   3.670   3.670   3.670   3.670   3.670   3.670   3.670   3.670   3.670   3.670   3.670   3.670   3.670   3.670   3.670   3.670   3.670   
3.670   3.670   3.670   3.670   3.670   3.670   3.670   3.670   3.670   3.670   3.670   3.670   3.670   3.670   3.670   3.670   3.670   3.670   
3.670   3.670   3.670   3.670   3.670   3.670   3.670   3.670   3.670   3.670   3.670   3.670   3.670   3.670   3.670   3.670   3.670   3.670   
3.670   3.670   3.670   3.670   3.670   3.670   3.670   3.670   3.670   3.670   3.670   3.670   3.670   3.670   3.670   3.670   3.670   3.670   
3.670   3.670   3.670   3.670   3.670   3.670   3.670   3.670   3.670   3.670   3.670   3.670   3.670   3.670   3.670   3.670   3.670   3.670   
3.670   3.670   3.670   3.670   3.670   3.670   3.670   3.670   3.670   3.670   3.670   3.670   3.670   3.670   3.670   3.670   3.670   3.670   
3.670   3.670   3.670   3.670   3.670   3.670   3.670   3.670   3.670   3.670   3.670   3.670   3.670   3.670   3.670   3.670   3.670   3.670   
3.670   3.670   3.670   3.670   3.670   3.670   3.670   3.670   3.670   3.670   3.670   3.670   3.670   3.670   3.670   3.670   3.670   3.670   
3.670   3.670   3.670   3.670   3.670   3.670   3.670   3.670   3.670   3.670   3.670   3.670   3.670   3.670   3.670   3.670   3.670   3.670   
3.670   3.670   3.670   3.670   3.670   3.670   3.670   3.670   3.670   3.670   3.670   3.670   3.670   3.670   3.670   3.670   3.670   3.670   
3.670   3.670   3.670   3.670   3.670   3.670   3.670   3.670   3.670   3.670   3.670   3.670   3.670   3.670   3.670   3.670   3.670   3.670   
3.670   3.670   3.670   3.670   3.670   3.670   3.670   3.670   3.670   3.670   3.670   3.670   3.670   3.670   3.670   3.670   3.670   3.670   
3.670   3.670   3.670   3.670   3.670   3.670   3.670   3.670   3.670   3.670   3.670   3.670   3.670   3.670   3.670   3.670   3.670   3.670   
3.670   3.670   3.670   3.670   3.670   3.670   3.670   3.670   3.670   3.670   3.670   3.670   3.670   3.670   3.670   3.670   3.670   3.670   
3.670   3.670   3.670   3.670   3.670   3.670   3.670   3.670   3.670   3.670   3.670   3.670   3.670   3.670   3.670   3.670   3.670   3.670   
3.670   3.670   3.670   3.670   3.670   3.670   3.670   3.670   3.670   3.670   3.670   3.670   3.670   3.670   3.670   3.670   3.670   3.670   
3.680   3.680   3.680   3.680   3.680   3.680   3.680   3.680   3.680   3.680   3.680   3.680   3.680   3.680   3.680   3.680   3.680   3.680   
3.680   3.680   3.680   3.680   3.680   3.680   3.680   3.680   3.680   3.680   3.680   3.680   3.680   3.680   3.680   3.680   3.680   3.680   
3.680   3.680   3.680   3.680   3.680   3.680   3.680   3.680   3.680   3.680   3.680   3.680   3.680   3.680   3.680   3.680   3.680   3.680   
3.680   3.680   3.680   3.680   3.680   3.680   3.680   3.680   3.680   3.680   3.680   3.680   3.680   3.680   3.680   3.680   3.680   3.680   
3.680   3.680   3.680   3.680   3.680   3.680   3.680   3.680   3.680   3.680   3.680   3.680   3.680   3.680   3.680   3.680   3.680   3.680   
3.680   3.680   3.680   3.680   3.680   3.680   3.680   3.680   3.680   3.680   3.680   3.680   3.680   3.680   3.680   3.680   3.680   3.680   
3.680   3.680   3.680   3.680   3.680   3.680   3.680   3.680   3.680   3.680   3.680   3.680   3.680   3.680   3.680   3.680   3.680   3.680   
3.680   3.680   3.680   3.680   3.680   3.680   3.680   3.680   3.680   3.680   3.680   3.680   3.680   3.680   3.680   3.680   3.680   3.680   
3.680   3.680   3.680   3.680   3.680   3.680   3.680   3.680   3.680   3.680   3.680   3.680   3.680   3.680   3.680   3.680   3.680   3.680   
3.680   3.680   3.680   3.680   3.680   3.680   3.680   3.680   3.680   3.680   3.680   3.680   3.680   3.680   3.680   3.680   3.680   3.680   
3.680   3.680   3.680   3.680   3.680   3.680   3.680   3.680   3.680   3.680   3.680   3.680   3.680   3.680   3.680   3.680   3.680   3.680   
3.680   3.680   3.680   3.680   3.680   3.680   3.680   3.680   3.680   3.680   3.680   3.680   3.680   3.680   3.680   3.680   3.680   3.680   
3.680   3.680   3.680   3.680   3.680   3.680   3.680   3.680   3.680   3.680   3.680   3.680   3.680   3.680   3.680   3.680   3.680   3.680   
3.680   3.680   3.680   3.680   3.680   3.680   3.680   3.680   3.680   3.680   3.680   3.680   3.680   3.680   3.680   3.680   3.680   3.680   
3.680   3.680   3.680   3.680   3.680   3.680   3.680   3.680   3.680   3.680   3.680   3.680   3.680   3.680   3.680   3.680   3.680   3.680   
3.680   3.680   3.680   3.680   3.680   3.680   3.680   3.680   3.680   3.680   3.680   3.680   3.680   3.680   3.680   3.680   3.680   3.680   
3.680   3.680   3.680   3.680   3.680   3.680   3.680   3.680   3.680   3.680   3.680   3.680   3.680   3.680   3.680   3.680   3.680   3.680   
3.680   3.680   3.680   3.680   3.680   3.680   3.680   3.680   3.680   3.680   3.680   3.680   3.680   3.680   3.680   3.680   3.680   3.680   
3.680   3.680   3.680   3.680   3.680   3.680   3.680   3.680   3.680   3.680   3.680   3.680   3.680   3.680   3.680   3.680   3.680   3.680   
3.680   3.680   3.680   3.680   3.680   3.680   3.680   3.680   3.680   3.680   3.680   3.680   3.680   3.680   3.680   3.680   3.680   3.680   
3.680   3.680   3.680   3.680   3.680   3.680   3.680   3.680   3.680   3.680   3.680   3.680   3.680   3.680   3.680   3.680   3.680   3.680   
3.680   3.680   3.680   3.680   3.680   3.680   3.680   3.680   3.680   3.680   3.680   3.680   3.680   3.680   3.680   3.680   3.680   3.680   
3.680   3.680   3.680   3.680   3.680   3.680   3.680   3.680   3.680   3.680   3.680   3.680   3.680   3.680   3.680   3.680   3.680   3.680   
3.680   3.680   3.680   3.680   3.680   3.680   3.680   3.680   3.680   3.680   3.680   3.680   3.680   3.680   3.680   3.680   3.680   3.680   
3.680   3.680   3.680   3.680   3.680   3.680   3.680   3.680   3.680   3.680   3.680   3.680   3.680   3.680   3.680   3.680   3.680   3.680   
3.680   3.680   3.680   3.680   3.680   3.680   3.680   3.680   3.680   3.680   3.680   3.680   3.680   3.680   3.680   3.680   3.680   3.680   
3.680   3.680   3.680   3.680   3.680   3.680   3.680   3.680   3.680   3.680   3.680   3.680   3.680   3.680   3.680   3.680   3.680   3.680   
3.680   3.680   3.680   3.680   3.680   3.680   3.680   3.680   3.680   3.680   3.680   3.680   3.680   3.680   3.680   3.680   3.680   3.680   
3.680   3.680   3.680   3.680   3.680   3.680   3.680   3.680   3.680   3.680   3.680   3.680   3.680   3.680   3.680   3.680   3.680   3.680   
3.680   3.680   3.680   3.680   3.680   3.680   3.680   3.680   3.680   3.680   3.680   3.680   3.680   3.680   3.680   3.680   3.680   3.680   
3.680   3.680   3.680   3.680   3.680   3.680   3.680   3.680   3.680   3.680   3.680   3.680   3.680   3.680   3.680   3.680   3.680   3.680   
3.730   3.730   3.730   3.730   3.730   3.730   3.730   3.730   3.730   3.730   3.730   3.730   3.730   3.730   3.730   3.730   3.730   3.730   
3.730   3.730   3.730   3.730   3.730   3.730   3.730   3.730   3.730   3.730   3.730   3.730   3.730   3.730   3.730   3.730   3.730   3.730   
3.730   3.730   3.730   3.730   3.730   3.730   3.730   3.730   3.730   3.730   3.730   3.730   3.730   3.730   3.730   3.730   3.730   3.730   
3.730   3.730   3.730   3.730   3.730   3.730   3.730   3.730   3.730   3.730   3.730   3.730   3.730   3.730   3.730   3.730   3.730   3.730   
3.730   3.730   3.730   3.730   3.730   3.730   3.730   3.730   3.730   3.730   3.730   3.730   3.730   3.730   3.730   3.730   3.730   3.730   
3.730   3.730   3.730   3.730   3.730   3.730   3.730   3.730   3.730   3.730   3.730   3.730   3.730   3.730   3.730   3.730   3.730   3.730   
3.730   3.730   3.730   3.730   3.730   3.730   3.730   3.730   3.730   3.730   3.730   3.730   3.730   3.730   3.730   3.730   3.730   3.730   
3.730   3.730   3.730   3.730   3.730   3.730   3.730   3.730   3.730   3.730   3.730   3.730   3.730   3.730   3.730   3.730   3.730   3.730   
3.730   3.730   3.730   3.730   3.730   3.730   3.730   3.730   3.730   3.730   3.730   3.730   3.730   3.730   3.730   3.730   3.730   3.730   
3.730   3.730   3.730   3.730   3.730   3.730   3.730   3.730   3.730   3.730   3.730   3.730   3.730   3.730   3.730   3.730   3.730   3.730   
3.730   3.730   3.730   3.730   3.730   3.730   3.730   3.730   3.730   3.730   3.730   3.730   3.730   3.730   3.730   3.730   3.730   3.730   
3.730   3.730   3.730   3.730   3.730   3.730   3.730   3.730   3.730   3.730   3.730   3.730   3.730   3.730   3.730   3.730   3.730   3.730   
3.730   3.730   3.730   3.730   3.730   3.730   3.730   3.730   3.730   3.730   3.730   3.730   3.730   3.730   3.730   3.730   3.730   3.730   
3.730   3.730   3.730   3.730   3.730   3.730   3.730   3.730   3.730   3.730   3.730   3.730   3.730   3.730   3.730   3.730   3.730   3.730   
3.730   3.730   3.730   3.730   3.730   3.730   3.730   3.730   3.730   3.730   3.730   3.730   3.730   3.730   3.730   3.730   3.730   3.730   
3.730   3.730   3.730   3.730   3.730   3.730   3.730   3.730   3.730   3.730   3.730   3.730   3.730   3.730   3.730   3.730   3.730   3.730   
3.730   3.730   3.730   3.730   3.730   3.730   3.730   3.730   3.730   3.730   3.730   3.730   3.730   3.730   3.730   3.730   3.730   3.730   
3.730   3.730   3.730   3.730   3.730   3.730   3.730   3.730   3.730   3.730   3.730   3.730   3.730   3.730   3.730   3.730   3.730   3.730   
3.730   3.730   3.730   3.730   3.730   3.730   3.730   3.730   3.730   3.730   3.730   3.730   3.730   3.730   3.730   3.730   3.730   3.730   
3.730   3.730   3.730   3.730   3.730   3.730   3.730   3.730   3.730   3.730   3.730   3.730   3.730   3.730   3.730   3.730   3.730   3.730   
3.730   3.730   3.730   3.730   3.730   3.730   3.730   3.730   3.730   3.730   3.730   3.730   3.730   3.730   3.730   3.730   3.730   3.730   
3.730   3.730   3.730   3.730   3.730   3.730   3.730   3.730   3.730   3.730   3.730   3.730   3.730   3.730   3.730   3.730   3.730   3.730   
3.730   3.730   3.730   3.730   3.730   3.730   3.730   3.730   3.730   3.730   3.730   3.730   3.730   3.730   3.730   3.730   3.730   3.730   
3.730   3.730   3.730   3.730   3.730   3.730   3.730   3.730   3.730   3.730   3.730   3.730   3.730   3.730   3.730   3.730   3.730   3.730   
3.730   3.730   3.730   3.730   3.730   3.730   3.730   3.730   3.730   3.730   3.730   3.730   3.730   3.730   3.730   3.730   3.730   3.730   
3.730   3.730   3.730   3.730   3.730   3.730   3.730   3.730   3.730   3.730   3.730   3.730   3.730   3.730   3.730   3.730   3.730   3.730   
3.730   3.730   3.730   3.730   3.730   3.730   3.730   3.730   3.730   3.730   3.730   3.730   3.730   3.730   3.730   3.730   3.730   3.730   
3.730   3.730   3.730   3.730   3.730   3.730   3.730   3.730   3.730   3.730   3.730   3.730   3.730   3.730   3.730   3.730   3.730   3.730   
3.730   3.730   3.730   3.730   3.730   3.730   3.730   3.730   3.730   3.730   3.730   3.730   3.730   3.730   3.730   3.730   3.730   3.730   
3.730   3.730   3.730   3.730   3.730   3.730   3.730   3.730   3.730   3.730   3.730   3.730   3.730   3.730   3.730   3.730   3.730   3.730   
3.730   3.730   3.730   3.730   3.730   3.730   3.730   3.730   3.730   3.730   3.730   3.730   3.730   3.730   3.730   3.730   3.730   3.730   
3.770   3.770   3.770   3.770   3.770   3.770   3.770   3.770   3.770   3.770   3.770   3.770   3.770   3.770   3.770   3.770   3.770   3.770   
3.770   3.770   3.770   3.770   3.770   3.770   3.770   3.770   3.770   3.770   3.770   3.770   3.770   3.770   3.770   3.770   3.770   3.770   
3.770   3.770   3.770   3.770   3.770   3.770   3.770   3.770   3.770   3.770   3.770   3.770   3.770   3.770   3.770   3.770   3.770   3.770   
3.770   3.770   3.770   3.770   3.770   3.770   3.770   3.770   3.770   3.770   3.770   3.770   3.770   3.770   3.770   3.770   3.770   3.770   
3.770   3.770   3.770   3.770   3.770   3.770   3.770   3.770   3.770   3.770   3.770   3.770   3.770   3.770   3.770   3.770   3.770   3.770   
3.770   3.770   3.770   3.770   3.770   3.770   3.770   3.770   3.770   3.770   3.770   3.770   3.770   3.770   3.770   3.770   3.770   3.770   
3.770   3.770   3.770   3.770   3.770   3.770   3.770   3.770   3.770   3.770   3.770   3.770   3.770   3.770   3.770   3.770   3.770   3.770   
3.770   3.770   3.770   3.770   3.770   3.770   3.770   3.770   3.770   3.770   3.770   3.770   3.770   3.770   3.770   3.770   3.770   3.770   
3.770   3.770   3.770   3.770   3.770   3.770   3.770   3.770   3.770   3.770   3.770   3.770   3.770   3.770   3.770   3.770   3.770   3.770   
3.770   3.770   3.770   3.770   3.770   3.770   3.770   3.770   3.770   3.770   3.770   3.770   3.770   3.770   3.770   3.770   3.770   3.770   
3.770   3.770   3.770   3.770   3.770   3.770   3.770   3.770   3.770   3.770   3.770   3.770   3.770   3.770   3.770   3.770   3.770   3.770   
3.770   3.770   3.770   3.770   3.770   3.770   3.770   3.770   3.770   3.770   3.770   3.770   3.770   3.770   3.770   3.770   3.770   3.770   
3.770   3.770   3.770   3.770   3.770   3.770   3.770   3.770   3.770   3.770   3.770   3.770   3.770   3.770   3.770   3.770   3.770   3.770   
3.770   3.770   3.770   3.770   3.770   3.770   3.770   3.770   3.770   3.770   3.770   3.770   3.770   3.770   3.770   3.770   3.770   3.770   
3.770   3.770   3.770   3.770   3.770   3.770   3.770   3.770   3.770   3.770   3.770   3.770   3.770   3.770   3.770   3.770   3.770   3.770   
3.770   3.770   3.770   3.770   3.770   3.770   3.770   3.770   3.770   3.770   3.770   3.770   3.770   3.770   3.770   3.770   3.770   3.770   
3.770   3.770   3.770   3.770   3.770   3.770   3.770   3.770   3.770   3.770   3.770   3.770   3.770   3.770   3.770   3.770   3.770   3.770   
3.770   3.770   3.770   3.770   3.770   3.770   3.770   3.770   3.770   3.770   3.770   3.770   3.770   3.770   3.770   3.770   3.770   3.770   
3.770   3.770   3.770   3.770   3.770   3.770   3.770   3.770   3.770   3.770   3.770   3.770   3.770   3.770   3.770   3.770   3.770   3.770   
3.770   3.770   3.770   3.770   3.770   3.770   3.770   3.770   3.770   3.770   3.770   3.770   3.770   3.770   3.770   3.770   3.770   3.770   
3.770   3.770   3.770   3.770   3.770   3.770   3.770   3.770   3.770   3.770   3.770   3.770   3.770   3.770   3.770   3.770   3.770   3.770   
3.770   3.770   3.770   3.770   3.770   3.770   3.770   3.770   3.770   3.770   3.770   3.770   3.770   3.770   3.770   3.770   3.770   3.770   
3.770   3.770   3.770   3.770   3.770   3.770   3.770   3.770   3.770   3.770   3.770   3.770   3.770   3.770   3.770   3.770   3.770   3.770   
3.770   3.770   3.770   3.770   3.770   3.770   3.770   3.770   3.770   3.770   3.770   3.770   3.770   3.770   3.770   3.770   3.770   3.770   
3.770   3.770   3.770   3.770   3.770   3.770   3.770   3.770   3.770   3.770   3.770   3.770   3.770   3.770   3.770   3.770   3.770   3.770   
3.770   3.770   3.770   3.770   3.770   3.770   3.770   3.770   3.770   3.770   3.770   3.770   3.770   3.770   3.770   3.770   3.770   3.770   
3.770   3.770   3.770   3.770   3.770   3.770   3.770   3.770   3.770   3.770   3.770   3.770   3.770   3.770   3.770   3.770   3.770   3.770   
3.770   3.770   3.770   3.770   3.770   3.770   3.770   3.770   3.770   3.770   3.770   3.770   3.770   3.770   3.770   3.770   3.770   3.770   
3.770   3.770   3.770   3.770   3.770   3.770   3.770   3.770   3.770   3.770   3.770   3.770   3.770   3.770   3.770   3.770   3.770   3.770   
3.770   3.770   3.770   3.770   3.770   3.770   3.770   3.770   3.770   3.770   3.770   3.770   3.770   3.770   3.770   3.770   3.770   3.770   
3.770   3.770   3.770   3.770   3.770   3.770   3.770   3.770   3.770   3.770   3.770   3.770   3.770   3.770   3.770   3.770   3.770   3.770   
3.820   3.820   3.820   3.820   3.820   3.820   3.820   3.820   3.820   3.820   3.820   3.820   3.820   3.820   3.820   3.820   3.820   3.820   
3.820   3.820   3.820   3.820   3.820   3.820   3.820   3.820   3.820   3.820   3.820   3.820   3.820   3.820   3.820   3.820   3.820   3.820   
3.820   3.820   3.820   3.820   3.820   3.820   3.820   3.820   3.820   3.820   3.820   3.820   3.820   3.820   3.820   3.820   3.820   3.820   
3.820   3.820   3.820   3.820   3.820   3.820   3.820   3.820   3.820   3.820   3.820   3.820   3.820   3.820   3.820   3.820   3.820   3.820   
3.820   3.820   3.820   3.820   3.820   3.820   3.820   3.820   3.820   3.820   3.820   3.820   3.820   3.820   3.820   3.820   3.820   3.820   
3.820   3.820   3.820   3.820   3.820   3.820   3.820   3.820   3.820   3.820   3.820   3.820   3.820   3.820   3.820   3.820   3.820   3.820   
3.820   3.820   3.820   3.820   3.820   3.820   3.820   3.820   3.820   3.820   3.820   3.820   3.820   3.820   3.820   3.820   3.820   3.820   
3.820   3.820   3.820   3.820   3.820   3.820   3.820   3.820   3.820   3.820   3.820   3.820   3.820   3.820   3.820   3.820   3.820   3.820   
3.820   3.820   3.820   3.820   3.820   3.820   3.820   3.820   3.820   3.820   3.820   3.820   3.820   3.820   3.820   3.820   3.820   3.820   
3.820   3.820   3.820   3.820   3.820   3.820   3.820   3.820   3.820   3.820   3.820   3.820   3.820   3.820   3.820   3.820   3.820   3.820   
3.820   3.820   3.820   3.820   3.820   3.820   3.820   3.820   3.820   3.820   3.820   3.820   3.820   3.820   3.820   3.820   3.820   3.820   
3.820   3.820   3.820   3.820   3.820   3.820   3.820   3.820   3.820   3.820   3.820   3.820   3.820   3.820   3.820   3.820   3.820   3.820   
3.820   3.820   3.820   3.820   3.820   3.820   3.820   3.820   3.820   3.820   3.820   3.820   3.820   3.820   3.820   3.820   3.820   3.820   
3.820   3.820   3.820   3.820   3.820   3.820   3.820   3.820   3.820   3.820   3.820   3.820   3.820   3.820   3.820   3.820   3.820   3.820   
3.820   3.820   3.820   3.820   3.820   3.820   3.820   3.820   3.820   3.820   3.820   3.820   3.820   3.820   3.820   3.820   3.820   3.820   
3.820   3.820   3.820   3.820   3.820   3.820   3.820   3.820   3.820   3.820   3.820   3.820   3.820   3.820   3.820   3.820   3.820   3.820   
3.820   3.820   3.820   3.820   3.820   3.820   3.820   3.820   3.820   3.820   3.820   3.820   3.820   3.820   3.820   3.820   3.820   3.820   
3.820   3.820   3.820   3.820   3.820   3.820   3.820   3.820   3.820   3.820   3.820   3.820   3.820   3.820   3.820   3.820   3.820   3.820   
3.820   3.820   3.820   3.820   3.820   3.820   3.820   3.820   3.820   3.820   3.820   3.820   3.820   3.820   3.820   3.820   3.820   3.820   
3.820   3.820   3.820   3.820   3.820   3.820   3.820   3.820   3.820   3.820   3.820   3.820   3.820   3.820   3.820   3.820   3.820   3.820   
3.820   3.820   3.820   3.820   3.820   3.820   3.820   3.820   3.820   3.820   3.820   3.820   3.820   3.820   3.820   3.820   3.820   3.820   
3.820   3.820   3.820   3.820   3.820   3.820   3.820   3.820   3.820   3.820   3.820   3.820   3.820   3.820   3.820   3.820   3.820   3.820   
3.820   3.820   3.820   3.820   3.820   3.820   3.820   3.820   3.820   3.820   3.820   3.820   3.820   3.820   3.820   3.820   3.820   3.820   
3.820   3.820   3.820   3.820   3.820   3.820   3.820   3.820   3.820   3.820   3.820   3.820   3.820   3.820   3.820   3.820   3.820   3.820   
3.820   3.820   3.820   3.820   3.820   3.820   3.820   3.820   3.820   3.820   3.820   3.820   3.820   3.820   3.820   3.820   3.820   3.820   
3.820   3.820   3.820   3.820   3.820   3.820   3.820   3.820   3.820   3.820   3.820   3.820   3.820   3.820   3.820   3.820   3.820   3.820   
3.820   3.820   3.820   3.820   3.820   3.820   3.820   3.820   3.820   3.820   3.820   3.820   3.820   3.820   3.820   3.820   3.820   3.820   
3.820   3.820   3.820   3.820   3.820   3.820   3.820   3.820   3.820   3.820   3.820   3.820   3.820   3.820   3.820   3.820   3.820   3.820   
3.820   3.820   3.820   3.820   3.820   3.820   3.820   3.820   3.820   3.820   3.820   3.820   3.820   3.820   3.820   3.820   3.820   3.820   
3.820   3.820   3.820   3.820   3.820   3.820   3.820   3.820   3.820   3.820   3.820   3.820   3.820   3.820   3.820   3.820   3.820   3.820   
3.820   3.820   3.820   3.820   3.820   3.820   3.820   3.820   3.820   3.820   3.820   3.820   3.820   3.820   3.820   3.820   3.820   3.820   
3.840   3.840   3.840   3.840   3.840   3.840   3.840   3.840   3.840   3.840   3.840   3.840   3.840   3.840   3.840   3.840   3.840   3.840   
3.840   3.840   3.840   3.840   3.840   3.840   3.840   3.840   3.840   3.840   3.840   3.840   3.840   3.840   3.840   3.840   3.840   3.840   
3.840   3.840   3.840   3.840   3.840   3.840   3.840   3.840   3.840   3.840   3.840   3.840   3.840   3.840   3.840   3.840   3.840   3.840   
3.840   3.840   3.840   3.840   3.840   3.840   3.840   3.840   3.840   3.840   3.840   3.840   3.840   3.840   3.840   3.840   3.840   3.840   
3.840   3.840   3.840   3.840   3.840   3.840   3.840   3.840   3.840   3.840   3.840   3.840   3.840   3.840   3.840   3.840   3.840   3.840   
3.840   3.840   3.840   3.840   3.840   3.840   3.840   3.840   3.840   3.840   3.840   3.840   3.840   3.840   3.840   3.840   3.840   3.840   
3.840   3.840   3.840   3.840   3.840   3.840   3.840   3.840   3.840   3.840   3.840   3.840   3.840   3.840   3.840   3.840   3.840   3.840   
3.840   3.840   3.840   3.840   3.840   3.840   3.840   3.840   3.840   3.840   3.840   3.840   3.840   3.840   3.840   3.840   3.840   3.840   
3.840   3.840   3.840   3.840   3.840   3.840   3.840   3.840   3.840   3.840   3.840   3.840   3.840   3.840   3.840   3.840   3.840   3.840   
3.840   3.840   3.840   3.840   3.840   3.840   3.840   3.840   3.840   3.840   3.840   3.840   3.840   3.840   3.840   3.840   3.840   3.840   
3.840   3.840   3.840   3.840   3.840   3.840   3.840   3.840   3.840   3.840   3.840   3.840   3.840   3.840   3.840   3.840   3.840   3.840   
3.840   3.840   3.840   3.840   3.840   3.840   3.840   3.840   3.840   3.840   3.840   3.840   3.840   3.840   3.840   3.840   3.840   3.840   
3.840   3.840   3.840   3.840   3.840   3.840   3.840   3.840   3.840   3.840   3.840   3.840   3.840   3.840   3.840   3.840   3.840   3.840   
3.840   3.840   3.840   3.840   3.840   3.840   3.840   3.840   3.840   3.840   3.840   3.840   3.840   3.840   3.840   3.840   3.840   3.840   
3.840   3.840   3.840   3.840   3.840   3.840   3.840   3.840   3.840   3.840   3.840   3.840   3.840   3.840   3.840   3.840   3.840   3.840   
3.840   3.840   3.840   3.840   3.840   3.840   3.840   3.840   3.840   3.840   3.840   3.840   3.840   3.840   3.840   3.840   3.840   3.840   
3.840   3.840   3.840   3.840   3.840   3.840   3.840   3.840   3.840   3.840   3.840   3.840   3.840   3.840   3.840   3.840   3.840   3.840   
3.840   3.840   3.840   3.840   3.840   3.840   3.840   3.840   3.840   3.840   3.840   3.840   3.840   3.840   3.840   3.840   3.840   3.840   
3.840   3.840   3.840   3.840   3.840   3.840   3.840   3.840   3.840   3.840   3.840   3.840   3.840   3.840   3.840   3.840   3.840   3.840   
3.840   3.840   3.840   3.840   3.840   3.840   3.840   3.840   3.840   3.840   3.840   3.840   3.840   3.840   3.840   3.840   3.840   3.840   
3.840   3.840   3.840   3.840   3.840   3.840   3.840   3.840   3.840   3.840   3.840   3.840   3.840   3.840   3.840   3.840   3.840   3.840   
3.840   3.840   3.840   3.840   3.840   3.840   3.840   3.840   3.840   3.840   3.840   3.840   3.840   3.840   3.840   3.840   3.840   3.840   
3.840   3.840   3.840   3.840   3.840   3.840   3.840   3.840   3.840   3.840   3.840   3.840   3.840   3.840   3.840   3.840   3.840   3.840   
3.840   3.840   3.840   3.840   3.840   3.840   3.840   3.840   3.840   3.840   3.840   3.840   3.840   3.840   3.840   3.840   3.840   3.840   
3.840   3.840   3.840   3.840   3.840   3.840   3.840   3.840   3.840   3.840   3.840   3.840   3.840   3.840   3.840   3.840   3.840   3.840   
3.840   3.840   3.840   3.840   3.840   3.840   3.840   3.840   3.840   3.840   3.840   3.840   3.840   3.840   3.840   3.840   3.840   3.840   
3.840   3.840   3.840   3.840   3.840   3.840   3.840   3.840   3.840   3.840   3.840   3.840   3.840   3.840   3.840   3.840   3.840   3.840   
3.840   3.840   3.840   3.840   3.840   3.840   3.840   3.840   3.840   3.840   3.840   3.840   3.840   3.840   3.840   3.840   3.840   3.840   
3.840   3.840   3.840   3.840   3.840   3.840   3.840   3.840   3.840   3.840   3.840   3.840   3.840   3.840   3.840   3.840   3.840   3.840   
3.840   3.840   3.840   3.840   3.840   3.840   3.840   3.840   3.840   3.840   3.840   3.840   3.840   3.840   3.840   3.840   3.840   3.840   
3.840   3.840   3.840   3.840   3.840   3.840   3.840   3.840   3.840   3.840   3.840   3.840   3.840   3.840   3.840   3.840   3.840   3.840   
3.860   3.860   3.860   3.860   3.860   3.860   3.860   3.860   3.860   3.860   3.860   3.860   3.860   3.860   3.860   3.860   3.860   3.860   
3.860   3.860   3.860   3.860   3.860   3.860   3.860   3.860   3.860   3.860   3.860   3.860   3.860   3.860   3.860   3.860   3.860   3.860   
3.860   3.860   3.860   3.860   3.860   3.860   3.860   3.860   3.860   3.860   3.860   3.860   3.860   3.860   3.860   3.860   3.860   3.860   
3.860   3.860   3.860   3.860   3.860   3.860   3.860   3.860   3.860   3.860   3.860   3.860   3.860   3.860   3.860   3.860   3.860   3.860   
3.860   3.860   3.860   3.860   3.860   3.860   3.860   3.860   3.860   3.860   3.860   3.860   3.860   3.860   3.860   3.860   3.860   3.860   
3.860   3.860   3.860   3.860   3.860   3.860   3.860   3.860   3.860   3.860   3.860   3.860   3.860   3.860   3.860   3.860   3.860   3.860   
3.860   3.860   3.860   3.860   3.860   3.860   3.860   3.860   3.860   3.860   3.860   3.860   3.860   3.860   3.860   3.860   3.860   3.860   
3.860   3.860   3.860   3.860   3.860   3.860   3.860   3.860   3.860   3.860   3.860   3.860   3.860   3.860   3.860   3.860   3.860   3.860   
3.860   3.860   3.860   3.860   3.860   3.860   3.860   3.860   3.860   3.860   3.860   3.860   3.860   3.860   3.860   3.860   3.860   3.860   
3.860   3.860   3.860   3.860   3.860   3.860   3.860   3.860   3.860   3.860   3.860   3.860   3.860   3.860   3.860   3.860   3.860   3.860   
3.860   3.860   3.860   3.860   3.860   3.860   3.860   3.860   3.860   3.860   3.860   3.860   3.860   3.860   3.860   3.860   3.860   3.860   
3.860   3.860   3.860   3.860   3.860   3.860   3.860   3.860   3.860   3.860   3.860   3.860   3.860   3.860   3.860   3.860   3.860   3.860   
3.860   3.860   3.860   3.860   3.860   3.860   3.860   3.860   3.860   3.860   3.860   3.860   3.860   3.860   3.860   3.860   3.860   3.860   
3.860   3.860   3.860   3.860   3.860   3.860   3.860   3.860   3.860   3.860   3.860   3.860   3.860   3.860   3.860   3.860   3.860   3.860   
3.860   3.860   3.860   3.860   3.860   3.860   3.860   3.860   3.860   3.860   3.860   3.860   3.860   3.860   3.860   3.860   3.860   3.860   
3.860   3.860   3.860   3.860   3.860   3.860   3.860   3.860   3.860   3.860   3.860   3.860   3.860   3.860   3.860   3.860   3.860   3.860   
3.860   3.860   3.860   3.860   3.860   3.860   3.860   3.860   3.860   3.860   3.860   3.860   3.860   3.860   3.860   3.860   3.860   3.860   
3.860   3.860   3.860   3.860   3.860   3.860   3.860   3.860   3.860   3.860   3.860   3.860   3.860   3.860   3.860   3.860   3.860   3.860   
3.860   3.860   3.860   3.860   3.860   3.860   3.860   3.860   3.860   3.860   3.860   3.860   3.860   3.860   3.860   3.860   3.860   3.860   
3.860   3.860   3.860   3.860   3.860   3.860   3.860   3.860   3.860   3.860   3.860   3.860   3.860   3.860   3.860   3.860   3.860   3.860   
3.860   3.860   3.860   3.860   3.860   3.860   3.860   3.860   3.860   3.860   3.860   3.860   3.860   3.860   3.860   3.860   3.860   3.860   
3.860   3.860   3.860   3.860   3.860   3.860   3.860   3.860   3.860   3.860   3.860   3.860   3.860   3.860   3.860   3.860   3.860   3.860   
3.860   3.860   3.860   3.860   3.860   3.860   3.860   3.860   3.860   3.860   3.860   3.860   3.860   3.860   3.860   3.860   3.860   3.860   
3.860   3.860   3.860   3.860   3.860   3.860   3.860   3.860   3.860   3.860   3.860   3.860   3.860   3.860   3.860   3.860   3.860   3.860   
3.860   3.860   3.860   3.860   3.860   3.860   3.860   3.860   3.860   3.860   3.860   3.860   3.860   3.860   3.860   3.860   3.860   3.860   
3.860   3.860   3.860   3.860   3.860   3.860   3.860   3.860   3.860   3.860   3.860   3.860   3.860   3.860   3.860   3.860   3.860   3.860   
3.860   3.860   3.860   3.860   3.860   3.860   3.860   3.860   3.860   3.860   3.860   3.860   3.860   3.860   3.860   3.860   3.860   3.860   
3.860   3.860   3.860   3.860   3.860   3.860   3.860   3.860   3.860   3.860   3.860   3.860   3.860   3.860   3.860   3.860   3.860   3.860   
3.860   3.860   3.860   3.860   3.860   3.860   3.860   3.860   3.860   3.860   3.860   3.860   3.860   3.860   3.860   3.860   3.860   3.860   
3.860   3.860   3.860   3.860   3.860   3.860   3.860   3.860   3.860   3.860   3.860   3.860   3.860   3.860   3.860   3.860   3.860   3.860   
3.860   3.860   3.860   3.860   3.860   3.860   3.860   3.860   3.860   3.860   3.860   3.860   3.860   3.860   3.860   3.860   3.860   3.860   
